500.0, 1.1, 750000.0, 0
500.0, 3.67368421053, 750000.0, 104.711
500.0, 6.24736842105, 750000.0, 112.01
500.0, 8.82105263158, 750000.0, 116.595
500.0, 11.3947368421, 750000.0, 120.325
500.0, 13.9684210526, 750000.0, 123.352
500.0, 16.5421052632, 750000.0, 125.832
500.0, 19.1157894737, 750000.0, 127.921
500.0, 21.6894736842, 750000.0, 129.751
500.0, 24.2631578947, 750000.0, 131.428
500.0, 26.8368421053, 750000.0, 133.088
500.0, 29.4105263158, 750000.0, 0
500.0, 31.9842105263, 750000.0, 0
500.0, 34.5578947368, 750000.0, 0
500.0, 37.1315789474, 750000.0, 0
500.0, 39.7052631579, 750000.0, 0
500.0, 42.2789473684, 750000.0, 0
500.0, 44.8526315789, 750000.0, 0
500.0, 47.4263157895, 750000.0, 0
500.0, 50.0, 750000.0, 0
871.794871795, 1.1, 750000.0, 0
871.794871795, 3.67368421053, 750000.0, 101.156
871.794871795, 6.24736842105, 750000.0, 107.152
871.794871795, 8.82105263158, 750000.0, 109.001
871.794871795, 11.3947368421, 750000.0, 109.307
871.794871795, 13.9684210526, 750000.0, 108.552
871.794871795, 16.5421052632, 750000.0, 106.907
871.794871795, 19.1157894737, 750000.0, 104.501
871.794871795, 21.6894736842, 750000.0, 101.481
871.794871795, 24.2631578947, 750000.0, 0
871.794871795, 26.8368421053, 750000.0, 0
871.794871795, 29.4105263158, 750000.0, 0
871.794871795, 31.9842105263, 750000.0, 0
871.794871795, 34.5578947368, 750000.0, 0
871.794871795, 37.1315789474, 750000.0, 0
871.794871795, 39.7052631579, 750000.0, 0
871.794871795, 42.2789473684, 750000.0, 0
871.794871795, 44.8526315789, 750000.0, 0
871.794871795, 47.4263157895, 750000.0, 0
871.794871795, 50.0, 750000.0, 0
1243.58974359, 1.1, 750000.0, 76.7365
1243.58974359, 3.67368421053, 750000.0, 106.069
1243.58974359, 6.24736842105, 750000.0, 107.533
1243.58974359, 8.82105263158, 750000.0, 107.838
1243.58974359, 11.3947368421, 750000.0, 106.634
1243.58974359, 13.9684210526, 750000.0, 104.303
1243.58974359, 16.5421052632, 750000.0, 100.913
1243.58974359, 19.1157894737, 750000.0, 96.4775
1243.58974359, 21.6894736842, 750000.0, 90.9956
1243.58974359, 24.2631578947, 750000.0, 0
1243.58974359, 26.8368421053, 750000.0, 0
1243.58974359, 29.4105263158, 750000.0, 0
1243.58974359, 31.9842105263, 750000.0, 0
1243.58974359, 34.5578947368, 750000.0, 0
1243.58974359, 37.1315789474, 750000.0, 0
1243.58974359, 39.7052631579, 750000.0, 0
1243.58974359, 42.2789473684, 750000.0, 0
1243.58974359, 44.8526315789, 750000.0, 0
1243.58974359, 47.4263157895, 750000.0, 0
1243.58974359, 50.0, 750000.0, 0
1615.38461538, 1.1, 750000.0, 0
1615.38461538, 3.67368421053, 750000.0, 120.933
1615.38461538, 6.24736842105, 750000.0, 109.417
1615.38461538, 8.82105263158, 750000.0, 109.094
1615.38461538, 11.3947368421, 750000.0, 107.445
1615.38461538, 13.9684210526, 750000.0, 104.61
1615.38461538, 16.5421052632, 750000.0, 100.677
1615.38461538, 19.1157894737, 750000.0, 95.6182
1615.38461538, 21.6894736842, 750000.0, 89.356
1615.38461538, 24.2631578947, 750000.0, 81.7734
1615.38461538, 26.8368421053, 750000.0, 0
1615.38461538, 29.4105263158, 750000.0, 0
1615.38461538, 31.9842105263, 750000.0, 0
1615.38461538, 34.5578947368, 750000.0, 0
1615.38461538, 37.1315789474, 750000.0, 0
1615.38461538, 39.7052631579, 750000.0, 0
1615.38461538, 42.2789473684, 750000.0, 0
1615.38461538, 44.8526315789, 750000.0, 0
1615.38461538, 47.4263157895, 750000.0, 0
1615.38461538, 50.0, 750000.0, 0
1987.17948718, 1.1, 750000.0, 0
1987.17948718, 3.67368421053, 750000.0, 111.029
1987.17948718, 6.24736842105, 750000.0, 113.011
1987.17948718, 8.82105263158, 750000.0, 110.505
1987.17948718, 11.3947368421, 750000.0, 109.183
1987.17948718, 13.9684210526, 750000.0, 106.622
1987.17948718, 16.5421052632, 750000.0, 102.897
1987.17948718, 19.1157894737, 750000.0, 98.0365
1987.17948718, 21.6894736842, 750000.0, 91.9814
1987.17948718, 24.2631578947, 750000.0, 84.6008
1987.17948718, 26.8368421053, 750000.0, 75.6786
1987.17948718, 29.4105263158, 750000.0, 0
1987.17948718, 31.9842105263, 750000.0, 0
1987.17948718, 34.5578947368, 750000.0, 0
1987.17948718, 37.1315789474, 750000.0, 0
1987.17948718, 39.7052631579, 750000.0, 0
1987.17948718, 42.2789473684, 750000.0, 0
1987.17948718, 44.8526315789, 750000.0, 0
1987.17948718, 47.4263157895, 750000.0, 0
1987.17948718, 50.0, 750000.0, 0
2358.97435897, 1.1, 750000.0, 0
2358.97435897, 3.67368421053, 750000.0, 108.006
2358.97435897, 6.24736842105, 750000.0, 122.061
2358.97435897, 8.82105263158, 750000.0, 111.762
2358.97435897, 11.3947368421, 750000.0, 110.506
2358.97435897, 13.9684210526, 750000.0, 108.749
2358.97435897, 16.5421052632, 750000.0, 105.782
2358.97435897, 19.1157894737, 750000.0, 101.653
2358.97435897, 21.6894736842, 750000.0, 96.3697
2358.97435897, 24.2631578947, 750000.0, 89.8667
2358.97435897, 26.8368421053, 750000.0, 81.9918
2358.97435897, 29.4105263158, 750000.0, 72.4704
2358.97435897, 31.9842105263, 750000.0, 61.0722
2358.97435897, 34.5578947368, 750000.0, 0
2358.97435897, 37.1315789474, 750000.0, 0
2358.97435897, 39.7052631579, 750000.0, 0
2358.97435897, 42.2789473684, 750000.0, 0
2358.97435897, 44.8526315789, 750000.0, 0
2358.97435897, 47.4263157895, 750000.0, 0
2358.97435897, 50.0, 750000.0, 0
2730.76923077, 1.1, 750000.0, 0
2730.76923077, 3.67368421053, 750000.0, 107.99
2730.76923077, 6.24736842105, 750000.0, 0
2730.76923077, 8.82105263158, 750000.0, 114.665
2730.76923077, 11.3947368421, 750000.0, 111.084
2730.76923077, 13.9684210526, 750000.0, 110.114
2730.76923077, 16.5421052632, 750000.0, 108.263
2730.76923077, 19.1157894737, 750000.0, 105.238
2730.76923077, 21.6894736842, 750000.0, 101.074
2730.76923077, 24.2631578947, 750000.0, 95.782
2730.76923077, 26.8368421053, 750000.0, 89.3034
2730.76923077, 29.4105263158, 750000.0, 81.4985
2730.76923077, 31.9842105263, 750000.0, 72.0995
2730.76923077, 34.5578947368, 750000.0, 60.6394
2730.76923077, 37.1315789474, 750000.0, 0
2730.76923077, 39.7052631579, 750000.0, 0
2730.76923077, 42.2789473684, 750000.0, 0
2730.76923077, 44.8526315789, 750000.0, 0
2730.76923077, 47.4263157895, 750000.0, 0
2730.76923077, 50.0, 750000.0, 0
3102.56410256, 1.1, 750000.0, 0
3102.56410256, 3.67368421053, 750000.0, 109.199
3102.56410256, 6.24736842105, 750000.0, 121.911
3102.56410256, 8.82105263158, 750000.0, 122.323
3102.56410256, 11.3947368421, 750000.0, 111.691
3102.56410256, 13.9684210526, 750000.0, 110.432
3102.56410256, 16.5421052632, 750000.0, 109.728
3102.56410256, 19.1157894737, 750000.0, 108.044
3102.56410256, 21.6894736842, 750000.0, 105.237
3102.56410256, 24.2631578947, 750000.0, 101.344
3102.56410256, 26.8368421053, 750000.0, 96.385
3102.56410256, 29.4105263158, 750000.0, 90.325
3102.56410256, 31.9842105263, 750000.0, 83.0619
3102.56410256, 34.5578947368, 750000.0, 74.3904
3102.56410256, 37.1315789474, 750000.0, 63.923
3102.56410256, 39.7052631579, 750000.0, 51.2822
3102.56410256, 42.2789473684, 750000.0, 0
3102.56410256, 44.8526315789, 750000.0, 0
3102.56410256, 47.4263157895, 750000.0, 0
3102.56410256, 50.0, 750000.0, 0
3474.35897436, 1.1, 750000.0, 0
3474.35897436, 3.67368421053, 750000.0, 111.032
3474.35897436, 6.24736842105, 750000.0, 118.572
3474.35897436, 8.82105263158, 750000.0, 133.552
3474.35897436, 11.3947368421, 750000.0, 114.263
3474.35897436, 13.9684210526, 750000.0, 110.056
3474.35897436, 16.5421052632, 750000.0, 109.944
3474.35897436, 19.1157894737, 750000.0, 109.635
3474.35897436, 21.6894736842, 750000.0, 108.334
3474.35897436, 24.2631578947, 750000.0, 105.974
3474.35897436, 26.8368421053, 750000.0, 102.598
3474.35897436, 29.4105263158, 750000.0, 98.2421
3474.35897436, 31.9842105263, 750000.0, 92.8994
3474.35897436, 34.5578947368, 750000.0, 86.5162
3474.35897436, 37.1315789474, 750000.0, 78.9695
3474.35897436, 39.7052631579, 750000.0, 70.0235
3474.35897436, 42.2789473684, 750000.0, 59.2336
3474.35897436, 44.8526315789, 750000.0, 0
3474.35897436, 47.4263157895, 750000.0, 0
3474.35897436, 50.0, 750000.0, 0
3846.15384615, 1.1, 750000.0, 0
3846.15384615, 3.67368421053, 750000.0, 113.203
3846.15384615, 6.24736842105, 750000.0, 0
3846.15384615, 8.82105263158, 750000.0, 0
3846.15384615, 11.3947368421, 750000.0, 121.652
3846.15384615, 13.9684210526, 750000.0, 110.084
3846.15384615, 16.5421052632, 750000.0, 109.066
3846.15384615, 19.1157894737, 750000.0, 109.823
3846.15384615, 21.6894736842, 750000.0, 110.058
3846.15384615, 24.2631578947, 750000.0, 109.319
3846.15384615, 26.8368421053, 750000.0, 107.586
3846.15384615, 29.4105263158, 750000.0, 104.912
3846.15384615, 31.9842105263, 750000.0, 101.347
3846.15384615, 34.5578947368, 750000.0, 96.9126
3846.15384615, 37.1315789474, 750000.0, 91.5983
3846.15384615, 39.7052631579, 750000.0, 85.3516
3846.15384615, 42.2789473684, 750000.0, 78.0618
3846.15384615, 44.8526315789, 750000.0, 69.5222
3846.15384615, 47.4263157895, 750000.0, 59.3493
3846.15384615, 50.0, 750000.0, 0
4217.94871795, 1.1, 750000.0, 0
4217.94871795, 3.67368421053, 750000.0, 115.553
4217.94871795, 6.24736842105, 750000.0, 116.411
4217.94871795, 8.82105263158, 750000.0, 130.708
4217.94871795, 11.3947368421, 750000.0, 137.513
4217.94871795, 13.9684210526, 750000.0, 112.486
4217.94871795, 16.5421052632, 750000.0, 107.726
4217.94871795, 19.1157894737, 750000.0, 0
4217.94871795, 21.6894736842, 750000.0, 110.257
4217.94871795, 24.2631578947, 750000.0, 111.167
4217.94871795, 26.8368421053, 750000.0, 111.127
4217.94871795, 29.4105263158, 750000.0, 110.147
4217.94871795, 31.9842105263, 750000.0, 108.292
4217.94871795, 34.5578947368, 750000.0, 105.625
4217.94871795, 37.1315789474, 750000.0, 102.188
4217.94871795, 39.7052631579, 750000.0, 98.0004
4217.94871795, 42.2789473684, 750000.0, 93.0592
4217.94871795, 44.8526315789, 750000.0, 87.3302
4217.94871795, 47.4263157895, 750000.0, 80.7389
4217.94871795, 50.0, 750000.0, 73.1495
4589.74358974, 1.1, 750000.0, 0
4589.74358974, 3.67368421053, 750000.0, 117.989
4589.74358974, 6.24736842105, 750000.0, 116.162
4589.74358974, 8.82105263158, 750000.0, 125.417
4589.74358974, 11.3947368421, 750000.0, 0
4589.74358974, 13.9684210526, 750000.0, 120.206
4589.74358974, 16.5421052632, 750000.0, 107.184
4589.74358974, 19.1157894737, 750000.0, 106.515
4589.74358974, 21.6894736842, 750000.0, 108.936
4589.74358974, 24.2631578947, 750000.0, 111.399
4589.74358974, 26.8368421053, 750000.0, 113.08
4589.74358974, 29.4105263158, 750000.0, 113.826
4589.74358974, 31.9842105263, 750000.0, 113.671
4589.74358974, 34.5578947368, 750000.0, 112.69
4589.74358974, 37.1315789474, 750000.0, 110.953
4589.74358974, 39.7052631579, 750000.0, 108.517
4589.74358974, 42.2789473684, 750000.0, 105.422
4589.74358974, 44.8526315789, 750000.0, 101.693
4589.74358974, 47.4263157895, 750000.0, 97.3357
4589.74358974, 50.0, 750000.0, 92.3388
4961.53846154, 1.1, 750000.0, 0
4961.53846154, 3.67368421053, 750000.0, 120.452
4961.53846154, 6.24736842105, 750000.0, 116.174
4961.53846154, 8.82105263158, 750000.0, 122.675
4961.53846154, 11.3947368421, 750000.0, 0
4961.53846154, 13.9684210526, 750000.0, 137.765
4961.53846154, 16.5421052632, 750000.0, 0
4961.53846154, 19.1157894737, 750000.0, 104.161
4961.53846154, 21.6894736842, 750000.0, 106.287
4961.53846154, 24.2631578947, 750000.0, 109.993
4961.53846154, 26.8368421053, 750000.0, 113.357
4961.53846154, 29.4105263158, 750000.0, 115.86
4961.53846154, 31.9842105263, 750000.0, 117.43
4961.53846154, 34.5578947368, 750000.0, 118.12
4961.53846154, 37.1315789474, 750000.0, 118.011
4961.53846154, 39.7052631579, 750000.0, 117.181
4961.53846154, 42.2789473684, 750000.0, 115.695
4961.53846154, 44.8526315789, 750000.0, 113.605
4961.53846154, 47.4263157895, 750000.0, 110.951
4961.53846154, 50.0, 750000.0, 107.759
5333.33333333, 1.1, 750000.0, 0
5333.33333333, 3.67368421053, 750000.0, 122.905
5333.33333333, 6.24736842105, 750000.0, 116.357
5333.33333333, 8.82105263158, 750000.0, 121.06
5333.33333333, 11.3947368421, 750000.0, 146.931
5333.33333333, 13.9684210526, 750000.0, 0
5333.33333333, 16.5421052632, 750000.0, 118.2
5333.33333333, 19.1157894737, 750000.0, 103.039
5333.33333333, 21.6894736842, 750000.0, 102.773
5333.33333333, 24.2631578947, 750000.0, 107.036
5333.33333333, 26.8368421053, 750000.0, 111.919
5333.33333333, 29.4105263158, 750000.0, 116.184
5333.33333333, 31.9842105263, 750000.0, 119.519
5333.33333333, 34.5578947368, 750000.0, 121.907
5333.33333333, 37.1315789474, 750000.0, 123.418
5333.33333333, 39.7052631579, 750000.0, 124.141
5333.33333333, 42.2789473684, 750000.0, 124.158
5333.33333333, 44.8526315789, 750000.0, 123.539
5333.33333333, 47.4263157895, 750000.0, 122.344
5333.33333333, 50.0, 750000.0, 120.619
5705.12820513, 1.1, 750000.0, 0
5705.12820513, 3.67368421053, 750000.0, 125.323
5705.12820513, 6.24736842105, 750000.0, 116.657
5705.12820513, 8.82105263158, 750000.0, 120.043
5705.12820513, 11.3947368421, 750000.0, 136.143
5705.12820513, 13.9684210526, 750000.0, 0
5705.12820513, 16.5421052632, 750000.0, 0
5705.12820513, 19.1157894737, 750000.0, 105.623
5705.12820513, 21.6894736842, 750000.0, 99.3075
5705.12820513, 24.2631578947, 750000.0, 102.778
5705.12820513, 26.8368421053, 750000.0, 108.79
5705.12820513, 29.4105263158, 750000.0, 114.755
5705.12820513, 31.9842105263, 750000.0, 119.889
5705.12820513, 34.5578947368, 750000.0, 124.024
5705.12820513, 37.1315789474, 750000.0, 127.189
5705.12820513, 39.7052631579, 750000.0, 129.47
5705.12820513, 42.2789473684, 750000.0, 130.96
5705.12820513, 44.8526315789, 750000.0, 131.745
5705.12820513, 47.4263157895, 750000.0, 131.899
5705.12820513, 50.0, 750000.0, 131.486
6076.92307692, 1.1, 750000.0, 0
6076.92307692, 3.67368421053, 750000.0, 127.693
6076.92307692, 6.24736842105, 750000.0, 117.04
6076.92307692, 8.82105263158, 750000.0, 119.386
6076.92307692, 11.3947368421, 750000.0, 130.485
6076.92307692, 13.9684210526, 750000.0, 0
6076.92307692, 16.5421052632, 750000.0, 0
6076.92307692, 19.1157894737, 750000.0, 116.016
6076.92307692, 21.6894736842, 750000.0, 97.6096
6076.92307692, 24.2631578947, 750000.0, 0
6076.92307692, 26.8368421053, 750000.0, 104.077
6076.92307692, 29.4105263158, 750000.0, 111.554
6076.92307692, 31.9842105263, 750000.0, 118.495
6076.92307692, 34.5578947368, 750000.0, 124.434
6076.92307692, 37.1315789474, 750000.0, 129.311
6076.92307692, 39.7052631579, 750000.0, 133.191
6076.92307692, 42.2789473684, 750000.0, 136.173
6076.92307692, 44.8526315789, 750000.0, 138.356
6076.92307692, 47.4263157895, 750000.0, 139.827
6076.92307692, 50.0, 750000.0, 140.663
6448.71794872, 1.1, 750000.0, 0
6448.71794872, 3.67368421053, 750000.0, 130.003
6448.71794872, 6.24736842105, 750000.0, 117.482
6448.71794872, 8.82105263158, 750000.0, 118.963
6448.71794872, 11.3947368421, 750000.0, 127.069
6448.71794872, 13.9684210526, 750000.0, 0
6448.71794872, 16.5421052632, 750000.0, 0
6448.71794872, 19.1157894737, 750000.0, 0
6448.71794872, 21.6894736842, 750000.0, 0
6448.71794872, 24.2631578947, 750000.0, 93.0215
6448.71794872, 26.8368421053, 750000.0, 98.0375
6448.71794872, 29.4105263158, 750000.0, 106.599
6448.71794872, 31.9842105263, 750000.0, 115.297
6448.71794872, 34.5578947368, 750000.0, 123.093
6448.71794872, 37.1315789474, 750000.0, 129.754
6448.71794872, 39.7052631579, 750000.0, 135.3
6448.71794872, 42.2789473684, 750000.0, 139.825
6448.71794872, 44.8526315789, 750000.0, 143.436
6448.71794872, 47.4263157895, 750000.0, 146.238
6448.71794872, 50.0, 750000.0, 148.318
6820.51282051, 1.1, 750000.0, 0
6820.51282051, 3.67368421053, 750000.0, 132.249
6820.51282051, 6.24736842105, 750000.0, 117.968
6820.51282051, 8.82105263158, 750000.0, 118.703
6820.51282051, 11.3947368421, 750000.0, 124.796
6820.51282051, 13.9684210526, 750000.0, 0
6820.51282051, 16.5421052632, 750000.0, 0
6820.51282051, 19.1157894737, 750000.0, 0
6820.51282051, 21.6894736842, 750000.0, 0
6820.51282051, 24.2631578947, 750000.0, 90.8466
6820.51282051, 26.8368421053, 750000.0, 91.2498
6820.51282051, 29.4105263158, 750000.0, 99.9695
6820.51282051, 31.9842105263, 750000.0, 110.259
6820.51282051, 34.5578947368, 750000.0, 119.952
6820.51282051, 37.1315789474, 750000.0, 128.478
6820.51282051, 39.7052631579, 750000.0, 135.77
6820.51282051, 42.2789473684, 750000.0, 141.908
6820.51282051, 44.8526315789, 750000.0, 147.007
6820.51282051, 47.4263157895, 750000.0, 151.182
6820.51282051, 50.0, 750000.0, 154.537
7192.30769231, 1.1, 750000.0, 0
7192.30769231, 3.67368421053, 750000.0, 134.428
7192.30769231, 6.24736842105, 750000.0, 118.485
7192.30769231, 8.82105263158, 750000.0, 118.56
7192.30769231, 11.3947368421, 750000.0, 123.193
7192.30769231, 13.9684210526, 750000.0, 147.731
7192.30769231, 16.5421052632, 750000.0, 0
7192.30769231, 19.1157894737, 750000.0, 0
7192.30769231, 21.6894736842, 750000.0, 0
7192.30769231, 24.2631578947, 750000.0, 0
7192.30769231, 26.8368421053, 750000.0, 85.0739
7192.30769231, 29.4105263158, 750000.0, 91.8843
7192.30769231, 31.9842105263, 750000.0, 103.351
7192.30769231, 34.5578947368, 750000.0, 114.945
7192.30769231, 37.1315789474, 750000.0, 125.428
7192.30769231, 39.7052631579, 750000.0, 134.562
7192.30769231, 42.2789473684, 750000.0, 142.398
7192.30769231, 44.8526315789, 750000.0, 149.058
7192.30769231, 47.4263157895, 750000.0, 154.669
7192.30769231, 50.0, 750000.0, 159.346
7564.1025641, 1.1, 750000.0, 0
7564.1025641, 3.67368421053, 750000.0, 136.537
7564.1025641, 6.24736842105, 750000.0, 119.024
7564.1025641, 8.82105263158, 750000.0, 118.503
7564.1025641, 11.3947368421, 750000.0, 122.022
7564.1025641, 13.9684210526, 750000.0, 140.144
7564.1025641, 16.5421052632, 750000.0, 0
7564.1025641, 19.1157894737, 750000.0, 0
7564.1025641, 21.6894736842, 750000.0, 0
7564.1025641, 24.2631578947, 750000.0, 0
7564.1025641, 26.8368421053, 750000.0, 0
7564.1025641, 29.4105263158, 750000.0, 82.9719
7564.1025641, 31.9842105263, 750000.0, 94.5648
7564.1025641, 34.5578947368, 750000.0, 107.984
7564.1025641, 37.1315789474, 750000.0, 120.529
7564.1025641, 39.7052631579, 750000.0, 131.622
7564.1025641, 42.2789473684, 750000.0, 141.257
7564.1025641, 44.8526315789, 750000.0, 149.563
7564.1025641, 47.4263157895, 750000.0, 156.685
7564.1025641, 50.0, 750000.0, 162.74
7935.8974359, 1.1, 750000.0, 0
7935.8974359, 3.67368421053, 750000.0, 138.579
7935.8974359, 6.24736842105, 750000.0, 119.58
7935.8974359, 8.82105263158, 750000.0, 118.512
7935.8974359, 11.3947368421, 750000.0, 121.145
7935.8974359, 13.9684210526, 750000.0, 135.052
7935.8974359, 16.5421052632, 750000.0, 0
7935.8974359, 19.1157894737, 750000.0, 0
7935.8974359, 21.6894736842, 750000.0, 0
7935.8974359, 24.2631578947, 750000.0, 0
7935.8974359, 26.8368421053, 750000.0, 0
7935.8974359, 29.4105263158, 750000.0, 0
7935.8974359, 31.9842105263, 750000.0, 84.0153
7935.8974359, 34.5578947368, 750000.0, 98.9363
7935.8974359, 37.1315789474, 750000.0, 113.667
7935.8974359, 39.7052631579, 750000.0, 126.876
7935.8974359, 42.2789473684, 750000.0, 138.435
7935.8974359, 44.8526315789, 750000.0, 148.485
7935.8974359, 47.4263157895, 750000.0, 157.2
7935.8974359, 50.0, 750000.0, 164.748
8307.69230769, 1.1, 750000.0, 0
8307.69230769, 3.67368421053, 750000.0, 140.551
8307.69230769, 6.24736842105, 750000.0, 120.147
8307.69230769, 8.82105263158, 750000.0, 118.571
8307.69230769, 11.3947368421, 750000.0, 120.48
8307.69230769, 13.9684210526, 750000.0, 131.473
8307.69230769, 16.5421052632, 750000.0, 0
8307.69230769, 19.1157894737, 750000.0, 0
8307.69230769, 21.6894736842, 750000.0, 0
8307.69230769, 24.2631578947, 750000.0, 0
8307.69230769, 26.8368421053, 750000.0, 0
8307.69230769, 29.4105263158, 750000.0, 0
8307.69230769, 31.9842105263, 750000.0, 72.5545
8307.69230769, 34.5578947368, 750000.0, 87.6195
8307.69230769, 37.1315789474, 750000.0, 104.657
8307.69230769, 39.7052631579, 750000.0, 120.208
8307.69230769, 42.2789473684, 750000.0, 133.863
8307.69230769, 44.8526315789, 750000.0, 145.779
8307.69230769, 47.4263157895, 750000.0, 156.181
8307.69230769, 50.0, 750000.0, 165.281
8679.48717949, 1.1, 750000.0, 0
8679.48717949, 3.67368421053, 750000.0, 142.457
8679.48717949, 6.24736842105, 750000.0, 120.721
8679.48717949, 8.82105263158, 750000.0, 118.669
8679.48717949, 11.3947368421, 750000.0, 119.971
8679.48717949, 13.9684210526, 750000.0, 128.783
8679.48717949, 16.5421052632, 750000.0, 0
8679.48717949, 19.1157894737, 750000.0, 0
8679.48717949, 21.6894736842, 750000.0, 0
8679.48717949, 24.2631578947, 750000.0, 0
8679.48717949, 26.8368421053, 750000.0, 0
8679.48717949, 29.4105263158, 750000.0, 0
8679.48717949, 31.9842105263, 750000.0, 0
8679.48717949, 34.5578947368, 750000.0, 73.9263
8679.48717949, 37.1315789474, 750000.0, 93.1838
8679.48717949, 39.7052631579, 750000.0, 111.421
8679.48717949, 42.2789473684, 750000.0, 127.436
8679.48717949, 44.8526315789, 750000.0, 141.384
8679.48717949, 47.4263157895, 750000.0, 153.583
8679.48717949, 50.0, 750000.0, 164.301
9051.28205128, 1.1, 750000.0, 0
9051.28205128, 3.67368421053, 750000.0, 144.298
9051.28205128, 6.24736842105, 750000.0, 121.299
9051.28205128, 8.82105263158, 750000.0, 0
9051.28205128, 11.3947368421, 750000.0, 119.582
9051.28205128, 13.9684210526, 750000.0, 126.705
9051.28205128, 16.5421052632, 750000.0, 0
9051.28205128, 19.1157894737, 750000.0, 0
9051.28205128, 21.6894736842, 750000.0, 0
9051.28205128, 24.2631578947, 750000.0, 0
9051.28205128, 26.8368421053, 750000.0, 0
9051.28205128, 29.4105263158, 750000.0, 0
9051.28205128, 31.9842105263, 750000.0, 0
9051.28205128, 34.5578947368, 750000.0, 0
9051.28205128, 37.1315789474, 750000.0, 78.7251
9051.28205128, 39.7052631579, 750000.0, 100.169
9051.28205128, 42.2789473684, 750000.0, 118.971
9051.28205128, 44.8526315789, 750000.0, 135.211
9051.28205128, 47.4263157895, 750000.0, 149.356
9051.28205128, 50.0, 750000.0, 161.77
9423.07692308, 1.1, 750000.0, 0
9423.07692308, 3.67368421053, 750000.0, 146.075
9423.07692308, 6.24736842105, 750000.0, 121.88
9423.07692308, 8.82105263158, 750000.0, 118.954
9423.07692308, 11.3947368421, 750000.0, 119.287
9423.07692308, 13.9684210526, 750000.0, 125.061
9423.07692308, 16.5421052632, 750000.0, 0
9423.07692308, 19.1157894737, 750000.0, 0
9423.07692308, 21.6894736842, 750000.0, 0
9423.07692308, 24.2631578947, 750000.0, 0
9423.07692308, 26.8368421053, 750000.0, 0
9423.07692308, 29.4105263158, 750000.0, 0
9423.07692308, 31.9842105263, 750000.0, 0
9423.07692308, 34.5578947368, 750000.0, 0
9423.07692308, 37.1315789474, 750000.0, 0
9423.07692308, 39.7052631579, 750000.0, 85.8163
9423.07692308, 42.2789473684, 750000.0, 108.145
9423.07692308, 44.8526315789, 750000.0, 127.105
9423.07692308, 47.4263157895, 750000.0, 143.427
9423.07692308, 50.0, 750000.0, 157.722
9794.87179487, 1.1, 750000.0, 0
9794.87179487, 3.67368421053, 750000.0, 147.79
9794.87179487, 6.24736842105, 750000.0, 122.46
9794.87179487, 8.82105263158, 750000.0, 119.129
9794.87179487, 11.3947368421, 750000.0, 119.065
9794.87179487, 13.9684210526, 750000.0, 123.736
9794.87179487, 16.5421052632, 750000.0, 0
9794.87179487, 19.1157894737, 750000.0, 0
9794.87179487, 21.6894736842, 750000.0, 0
9794.87179487, 24.2631578947, 750000.0, 0
9794.87179487, 26.8368421053, 750000.0, 0
9794.87179487, 29.4105263158, 750000.0, 0
9794.87179487, 31.9842105263, 750000.0, 0
9794.87179487, 34.5578947368, 750000.0, 0
9794.87179487, 37.1315789474, 750000.0, 0
9794.87179487, 39.7052631579, 750000.0, 0
9794.87179487, 42.2789473684, 750000.0, 94.3509
9794.87179487, 44.8526315789, 750000.0, 116.788
9794.87179487, 47.4263157895, 750000.0, 135.676
9794.87179487, 50.0, 750000.0, 152.016
10166.6666667, 1.1, 750000.0, 0
10166.6666667, 3.67368421053, 750000.0, 149.445
10166.6666667, 6.24736842105, 750000.0, 123.038
10166.6666667, 8.82105263158, 750000.0, 119.32
10166.6666667, 11.3947368421, 750000.0, 118.902
10166.6666667, 13.9684210526, 750000.0, 122.655
10166.6666667, 16.5421052632, 750000.0, 0
10166.6666667, 19.1157894737, 750000.0, 0
10166.6666667, 21.6894736842, 750000.0, 0
10166.6666667, 24.2631578947, 750000.0, 0
10166.6666667, 26.8368421053, 750000.0, 0
10166.6666667, 29.4105263158, 750000.0, 0
10166.6666667, 31.9842105263, 750000.0, 0
10166.6666667, 34.5578947368, 750000.0, 0
10166.6666667, 37.1315789474, 750000.0, 0
10166.6666667, 39.7052631579, 750000.0, 0
10166.6666667, 42.2789473684, 750000.0, 76.3606
10166.6666667, 44.8526315789, 750000.0, 103.742
10166.6666667, 47.4263157895, 750000.0, 125.878
10166.6666667, 50.0, 750000.0, 144.587
10538.4615385, 1.1, 750000.0, 0
10538.4615385, 3.67368421053, 750000.0, 151.042
10538.4615385, 6.24736842105, 750000.0, 123.614
10538.4615385, 8.82105263158, 750000.0, 119.524
10538.4615385, 11.3947368421, 750000.0, 118.788
10538.4615385, 13.9684210526, 750000.0, 121.762
10538.4615385, 16.5421052632, 750000.0, 0
10538.4615385, 19.1157894737, 750000.0, 0
10538.4615385, 21.6894736842, 750000.0, 0
10538.4615385, 24.2631578947, 750000.0, 0
10538.4615385, 26.8368421053, 750000.0, 0
10538.4615385, 29.4105263158, 750000.0, 0
10538.4615385, 31.9842105263, 750000.0, 0
10538.4615385, 34.5578947368, 750000.0, 0
10538.4615385, 37.1315789474, 750000.0, 0
10538.4615385, 39.7052631579, 750000.0, 0
10538.4615385, 42.2789473684, 750000.0, 0
10538.4615385, 44.8526315789, 750000.0, 86.9266
10538.4615385, 47.4263157895, 750000.0, 113.615
10538.4615385, 50.0, 750000.0, 135.27
10910.2564103, 1.1, 750000.0, 0
10910.2564103, 3.67368421053, 750000.0, 152.583
10910.2564103, 6.24736842105, 750000.0, 0
10910.2564103, 8.82105263158, 750000.0, 119.738
10910.2564103, 11.3947368421, 750000.0, 0
10910.2564103, 13.9684210526, 750000.0, 0
10910.2564103, 16.5421052632, 750000.0, 0
10910.2564103, 19.1157894737, 750000.0, 0
10910.2564103, 21.6894736842, 750000.0, 0
10910.2564103, 24.2631578947, 750000.0, 0
10910.2564103, 26.8368421053, 750000.0, 0
10910.2564103, 29.4105263158, 750000.0, 0
10910.2564103, 31.9842105263, 750000.0, 0
10910.2564103, 34.5578947368, 750000.0, 0
10910.2564103, 37.1315789474, 750000.0, 0
10910.2564103, 39.7052631579, 750000.0, 0
10910.2564103, 42.2789473684, 750000.0, 0
10910.2564103, 44.8526315789, 750000.0, 0
10910.2564103, 47.4263157895, 750000.0, 0
10910.2564103, 50.0, 750000.0, 123.742
11282.0512821, 1.1, 750000.0, 0
11282.0512821, 3.67368421053, 750000.0, 154.069
11282.0512821, 6.24736842105, 750000.0, 124.753
11282.0512821, 8.82105263158, 750000.0, 0
11282.0512821, 11.3947368421, 750000.0, 118.674
11282.0512821, 13.9684210526, 750000.0, 120.396
11282.0512821, 16.5421052632, 750000.0, 132.389
11282.0512821, 19.1157894737, 750000.0, 0
11282.0512821, 21.6894736842, 750000.0, 0
11282.0512821, 24.2631578947, 750000.0, 0
11282.0512821, 26.8368421053, 750000.0, 0
11282.0512821, 29.4105263158, 750000.0, 0
11282.0512821, 31.9842105263, 750000.0, 0
11282.0512821, 34.5578947368, 750000.0, 0
11282.0512821, 37.1315789474, 750000.0, 0
11282.0512821, 39.7052631579, 750000.0, 0
11282.0512821, 42.2789473684, 750000.0, 0
11282.0512821, 44.8526315789, 750000.0, 0
11282.0512821, 47.4263157895, 750000.0, 0
11282.0512821, 50.0, 750000.0, 0
11653.8461538, 1.1, 750000.0, 0
11653.8461538, 3.67368421053, 750000.0, 155.502
11653.8461538, 6.24736842105, 750000.0, 125.315
11653.8461538, 8.82105263158, 750000.0, 120.19
11653.8461538, 11.3947368421, 750000.0, 118.661
11653.8461538, 13.9684210526, 750000.0, 119.873
11653.8461538, 16.5421052632, 750000.0, 130.28
11653.8461538, 19.1157894737, 750000.0, 0
11653.8461538, 21.6894736842, 750000.0, 0
11653.8461538, 24.2631578947, 750000.0, 0
11653.8461538, 26.8368421053, 750000.0, 0
11653.8461538, 29.4105263158, 750000.0, 0
11653.8461538, 31.9842105263, 750000.0, 0
11653.8461538, 34.5578947368, 750000.0, 0
11653.8461538, 37.1315789474, 750000.0, 0
11653.8461538, 39.7052631579, 750000.0, 0
11653.8461538, 42.2789473684, 750000.0, 0
11653.8461538, 44.8526315789, 750000.0, 0
11653.8461538, 47.4263157895, 750000.0, 0
11653.8461538, 50.0, 750000.0, 0
12025.6410256, 1.1, 750000.0, 0
12025.6410256, 3.67368421053, 750000.0, 156.883
12025.6410256, 6.24736842105, 750000.0, 125.872
12025.6410256, 8.82105263158, 750000.0, 120.425
12025.6410256, 11.3947368421, 750000.0, 118.671
12025.6410256, 13.9684210526, 750000.0, 119.431
12025.6410256, 16.5421052632, 750000.0, 128.475
12025.6410256, 19.1157894737, 750000.0, 0
12025.6410256, 21.6894736842, 750000.0, 0
12025.6410256, 24.2631578947, 750000.0, 0
12025.6410256, 26.8368421053, 750000.0, 0
12025.6410256, 29.4105263158, 750000.0, 0
12025.6410256, 31.9842105263, 750000.0, 0
12025.6410256, 34.5578947368, 750000.0, 0
12025.6410256, 37.1315789474, 750000.0, 0
12025.6410256, 39.7052631579, 750000.0, 0
12025.6410256, 42.2789473684, 750000.0, 0
12025.6410256, 44.8526315789, 750000.0, 0
12025.6410256, 47.4263157895, 750000.0, 0
12025.6410256, 50.0, 750000.0, 0
12397.4358974, 1.1, 750000.0, 0
12397.4358974, 3.67368421053, 750000.0, 158.214
12397.4358974, 6.24736842105, 750000.0, 126.423
12397.4358974, 8.82105263158, 750000.0, 120.664
12397.4358974, 11.3947368421, 750000.0, 118.702
12397.4358974, 13.9684210526, 750000.0, 119.058
12397.4358974, 16.5421052632, 750000.0, 126.917
12397.4358974, 19.1157894737, 750000.0, 0
12397.4358974, 21.6894736842, 750000.0, 0
12397.4358974, 24.2631578947, 750000.0, 0
12397.4358974, 26.8368421053, 750000.0, 0
12397.4358974, 29.4105263158, 750000.0, 0
12397.4358974, 31.9842105263, 750000.0, 0
12397.4358974, 34.5578947368, 750000.0, 0
12397.4358974, 37.1315789474, 750000.0, 0
12397.4358974, 39.7052631579, 750000.0, 0
12397.4358974, 42.2789473684, 750000.0, 0
12397.4358974, 44.8526315789, 750000.0, 0
12397.4358974, 47.4263157895, 750000.0, 0
12397.4358974, 50.0, 750000.0, 0
12769.2307692, 1.1, 750000.0, 0
12769.2307692, 3.67368421053, 750000.0, 159.495
12769.2307692, 6.24736842105, 750000.0, 126.968
12769.2307692, 8.82105263158, 750000.0, 120.906
12769.2307692, 11.3947368421, 750000.0, 118.749
12769.2307692, 13.9684210526, 750000.0, 118.743
12769.2307692, 16.5421052632, 750000.0, 125.562
12769.2307692, 19.1157894737, 750000.0, 0
12769.2307692, 21.6894736842, 750000.0, 0
12769.2307692, 24.2631578947, 750000.0, 0
12769.2307692, 26.8368421053, 750000.0, 0
12769.2307692, 29.4105263158, 750000.0, 0
12769.2307692, 31.9842105263, 750000.0, 0
12769.2307692, 34.5578947368, 750000.0, 0
12769.2307692, 37.1315789474, 750000.0, 0
12769.2307692, 39.7052631579, 750000.0, 0
12769.2307692, 42.2789473684, 750000.0, 0
12769.2307692, 44.8526315789, 750000.0, 0
12769.2307692, 47.4263157895, 750000.0, 0
12769.2307692, 50.0, 750000.0, 0
13141.025641, 1.1, 750000.0, 0
13141.025641, 3.67368421053, 750000.0, 160.725
13141.025641, 6.24736842105, 750000.0, 127.506
13141.025641, 8.82105263158, 750000.0, 121.15
13141.025641, 11.3947368421, 750000.0, 118.811
13141.025641, 13.9684210526, 750000.0, 118.477
13141.025641, 16.5421052632, 750000.0, 124.375
13141.025641, 19.1157894737, 750000.0, 0
13141.025641, 21.6894736842, 750000.0, 0
13141.025641, 24.2631578947, 750000.0, 0
13141.025641, 26.8368421053, 750000.0, 0
13141.025641, 29.4105263158, 750000.0, 0
13141.025641, 31.9842105263, 750000.0, 0
13141.025641, 34.5578947368, 750000.0, 0
13141.025641, 37.1315789474, 750000.0, 0
13141.025641, 39.7052631579, 750000.0, 0
13141.025641, 42.2789473684, 750000.0, 0
13141.025641, 44.8526315789, 750000.0, 0
13141.025641, 47.4263157895, 750000.0, 0
13141.025641, 50.0, 750000.0, 0
13512.8205128, 1.1, 750000.0, 0
13512.8205128, 3.67368421053, 750000.0, 0
13512.8205128, 6.24736842105, 750000.0, 128.038
13512.8205128, 8.82105263158, 750000.0, 121.397
13512.8205128, 11.3947368421, 750000.0, 118.886
13512.8205128, 13.9684210526, 750000.0, 118.253
13512.8205128, 16.5421052632, 750000.0, 123.329
13512.8205128, 19.1157894737, 750000.0, 0
13512.8205128, 21.6894736842, 750000.0, 0
13512.8205128, 24.2631578947, 750000.0, 0
13512.8205128, 26.8368421053, 750000.0, 0
13512.8205128, 29.4105263158, 750000.0, 0
13512.8205128, 31.9842105263, 750000.0, 0
13512.8205128, 34.5578947368, 750000.0, 0
13512.8205128, 37.1315789474, 750000.0, 0
13512.8205128, 39.7052631579, 750000.0, 0
13512.8205128, 42.2789473684, 750000.0, 0
13512.8205128, 44.8526315789, 750000.0, 0
13512.8205128, 47.4263157895, 750000.0, 0
13512.8205128, 50.0, 750000.0, 0
13884.6153846, 1.1, 750000.0, 0
13884.6153846, 3.67368421053, 750000.0, 0
13884.6153846, 6.24736842105, 750000.0, 128.563
13884.6153846, 8.82105263158, 750000.0, 121.644
13884.6153846, 11.3947368421, 750000.0, 118.971
13884.6153846, 13.9684210526, 750000.0, 118.067
13884.6153846, 16.5421052632, 750000.0, 122.418
13884.6153846, 19.1157894737, 750000.0, 0
13884.6153846, 21.6894736842, 750000.0, 0
13884.6153846, 24.2631578947, 750000.0, 0
13884.6153846, 26.8368421053, 750000.0, 0
13884.6153846, 29.4105263158, 750000.0, 0
13884.6153846, 31.9842105263, 750000.0, 0
13884.6153846, 34.5578947368, 750000.0, 0
13884.6153846, 37.1315789474, 750000.0, 0
13884.6153846, 39.7052631579, 750000.0, 0
13884.6153846, 42.2789473684, 750000.0, 0
13884.6153846, 44.8526315789, 750000.0, 0
13884.6153846, 47.4263157895, 750000.0, 0
13884.6153846, 50.0, 750000.0, 0
14256.4102564, 1.1, 750000.0, 0
14256.4102564, 3.67368421053, 750000.0, 164.175
14256.4102564, 6.24736842105, 750000.0, 129.082
14256.4102564, 8.82105263158, 750000.0, 121.892
14256.4102564, 11.3947368421, 750000.0, 0
14256.4102564, 13.9684210526, 750000.0, 117.912
14256.4102564, 16.5421052632, 750000.0, 121.618
14256.4102564, 19.1157894737, 750000.0, 0
14256.4102564, 21.6894736842, 750000.0, 0
14256.4102564, 24.2631578947, 750000.0, 0
14256.4102564, 26.8368421053, 750000.0, 0
14256.4102564, 29.4105263158, 750000.0, 0
14256.4102564, 31.9842105263, 750000.0, 0
14256.4102564, 34.5578947368, 750000.0, 0
14256.4102564, 37.1315789474, 750000.0, 0
14256.4102564, 39.7052631579, 750000.0, 0
14256.4102564, 42.2789473684, 750000.0, 0
14256.4102564, 44.8526315789, 750000.0, 0
14256.4102564, 47.4263157895, 750000.0, 0
14256.4102564, 50.0, 750000.0, 0
14628.2051282, 1.1, 750000.0, 0
14628.2051282, 3.67368421053, 750000.0, 165.254
14628.2051282, 6.24736842105, 750000.0, 129.594
14628.2051282, 8.82105263158, 750000.0, 122.14
14628.2051282, 11.3947368421, 750000.0, 0
14628.2051282, 13.9684210526, 750000.0, 117.784
14628.2051282, 16.5421052632, 750000.0, 120.903
14628.2051282, 19.1157894737, 750000.0, 0
14628.2051282, 21.6894736842, 750000.0, 0
14628.2051282, 24.2631578947, 750000.0, 0
14628.2051282, 26.8368421053, 750000.0, 0
14628.2051282, 29.4105263158, 750000.0, 0
14628.2051282, 31.9842105263, 750000.0, 0
14628.2051282, 34.5578947368, 750000.0, 0
14628.2051282, 37.1315789474, 750000.0, 0
14628.2051282, 39.7052631579, 750000.0, 0
14628.2051282, 42.2789473684, 750000.0, 0
14628.2051282, 44.8526315789, 750000.0, 0
14628.2051282, 47.4263157895, 750000.0, 0
14628.2051282, 50.0, 750000.0, 0
15000.0, 1.1, 750000.0, 0
