500.0, 1.1, 250000.0, 0
500.0, 3.67368421053, 250000.0, 93.3581
500.0, 6.24736842105, 250000.0, 99.9918
500.0, 8.82105263158, 250000.0, 101.463
500.0, 11.3947368421, 250000.0, 101.514
500.0, 13.9684210526, 250000.0, 100.882
500.0, 16.5421052632, 250000.0, 99.7937
500.0, 19.1157894737, 250000.0, 98.3518
500.0, 21.6894736842, 250000.0, 96.619
500.0, 24.2631578947, 250000.0, 94.6432
500.0, 26.8368421053, 250000.0, 92.4643
500.0, 29.4105263158, 250000.0, 90.1172
500.0, 31.9842105263, 250000.0, 87.6327
500.0, 34.5578947368, 250000.0, 85.038
500.0, 37.1315789474, 250000.0, 82.3568
500.0, 39.7052631579, 250000.0, 79.6101
500.0, 42.2789473684, 250000.0, 76.8161
500.0, 44.8526315789, 250000.0, 73.9915
500.0, 47.4263157895, 250000.0, 71.1522
500.0, 50.0, 250000.0, 68.315
871.794871795, 1.1, 250000.0, 70.9307
871.794871795, 3.67368421053, 250000.0, 100.659
871.794871795, 6.24736842105, 250000.0, 104.143
871.794871795, 8.82105263158, 250000.0, 104.706
871.794871795, 11.3947368421, 250000.0, 103.626
871.794871795, 13.9684210526, 250000.0, 101.587
871.794871795, 16.5421052632, 250000.0, 98.8018
871.794871795, 19.1157894737, 250000.0, 95.3607
871.794871795, 21.6894736842, 250000.0, 91.3099
871.794871795, 24.2631578947, 250000.0, 86.6767
871.794871795, 26.8368421053, 250000.0, 81.4727
871.794871795, 29.4105263158, 250000.0, 75.6909
871.794871795, 31.9842105263, 250000.0, 69.298
871.794871795, 34.5578947368, 250000.0, 62.2202
871.794871795, 37.1315789474, 250000.0, 54.3194
871.794871795, 39.7052631579, 250000.0, 45.3833
871.794871795, 42.2789473684, 250000.0, 0
871.794871795, 44.8526315789, 250000.0, 0
871.794871795, 47.4263157895, 250000.0, 0
871.794871795, 50.0, 250000.0, 0
1243.58974359, 1.1, 250000.0, 83.4487
1243.58974359, 3.67368421053, 250000.0, 102.002
1243.58974359, 6.24736842105, 250000.0, 107.201
1243.58974359, 8.82105263158, 250000.0, 107.295
1243.58974359, 11.3947368421, 250000.0, 106.492
1243.58974359, 13.9684210526, 250000.0, 104.704
1243.58974359, 16.5421052632, 250000.0, 102.14
1243.58974359, 19.1157894737, 250000.0, 98.9042
1243.58974359, 21.6894736842, 250000.0, 95.051
1243.58974359, 24.2631578947, 250000.0, 90.6098
1243.58974359, 26.8368421053, 250000.0, 85.5935
1243.58974359, 29.4105263158, 250000.0, 79.9976
1243.58974359, 31.9842105263, 250000.0, 73.7945
1243.58974359, 34.5578947368, 250000.0, 66.9207
1243.58974359, 37.1315789474, 250000.0, 59.2521
1243.58974359, 39.7052631579, 250000.0, 50.5526
1243.58974359, 42.2789473684, 250000.0, 40.3781
1243.58974359, 44.8526315789, 250000.0, 0
1243.58974359, 47.4263157895, 250000.0, 0
1243.58974359, 50.0, 250000.0, 0
1615.38461538, 1.1, 250000.0, 93.2588
1615.38461538, 3.67368421053, 250000.0, 103.861
1615.38461538, 6.24736842105, 250000.0, 112.363
1615.38461538, 8.82105263158, 250000.0, 108.816
1615.38461538, 11.3947368421, 250000.0, 108.061
1615.38461538, 13.9684210526, 250000.0, 106.896
1615.38461538, 16.5421052632, 250000.0, 105.02
1615.38461538, 19.1157894737, 250000.0, 102.499
1615.38461538, 21.6894736842, 250000.0, 99.4049
1615.38461538, 24.2631578947, 250000.0, 95.786
1615.38461538, 26.8368421053, 250000.0, 91.6766
1615.38461538, 29.4105263158, 250000.0, 87.0982
1615.38461538, 31.9842105263, 250000.0, 82.06
1615.38461538, 34.5578947368, 250000.0, 76.5559
1615.38461538, 37.1315789474, 250000.0, 70.5583
1615.38461538, 39.7052631579, 250000.0, 64.0081
1615.38461538, 42.2789473684, 250000.0, 56.7942
1615.38461538, 44.8526315789, 250000.0, 48.7106
1615.38461538, 47.4263157895, 250000.0, 39.372
1615.38461538, 50.0, 250000.0, 0
1987.17948718, 1.1, 250000.0, 0
1987.17948718, 3.67368421053, 250000.0, 105.682
1987.17948718, 6.24736842105, 250000.0, 0
1987.17948718, 8.82105263158, 250000.0, 111.825
1987.17948718, 11.3947368421, 250000.0, 108.586
1987.17948718, 13.9684210526, 250000.0, 107.631
1987.17948718, 16.5421052632, 250000.0, 106.493
1987.17948718, 19.1157894737, 250000.0, 104.832
1987.17948718, 21.6894736842, 250000.0, 102.65
1987.17948718, 24.2631578947, 250000.0, 99.9948
1987.17948718, 26.8368421053, 250000.0, 96.9152
1987.17948718, 29.4105263158, 250000.0, 93.4508
1987.17948718, 31.9842105263, 250000.0, 89.6331
1987.17948718, 34.5578947368, 250000.0, 85.4854
1987.17948718, 37.1315789474, 250000.0, 81.0223
1987.17948718, 39.7052631579, 250000.0, 76.2486
1987.17948718, 42.2789473684, 250000.0, 71.1567
1987.17948718, 44.8526315789, 250000.0, 65.7229
1987.17948718, 47.4263157895, 250000.0, 59.9011
1987.17948718, 50.0, 250000.0, 53.6102
2358.97435897, 1.1, 250000.0, 0
2358.97435897, 3.67368421053, 250000.0, 107.311
2358.97435897, 6.24736842105, 250000.0, 111.38
2358.97435897, 8.82105263158, 250000.0, 112.531
2358.97435897, 11.3947368421, 250000.0, 109.789
2358.97435897, 13.9684210526, 250000.0, 107.293
2358.97435897, 16.5421052632, 250000.0, 106.438
2358.97435897, 19.1157894737, 250000.0, 105.562
2358.97435897, 21.6894736842, 250000.0, 104.319
2358.97435897, 24.2631578947, 250000.0, 102.67
2358.97435897, 26.8368421053, 250000.0, 100.644
2358.97435897, 29.4105263158, 250000.0, 98.283
2358.97435897, 31.9842105263, 250000.0, 95.6276
2358.97435897, 34.5578947368, 250000.0, 92.713
2358.97435897, 37.1315789474, 250000.0, 89.5686
2358.97435897, 39.7052631579, 250000.0, 86.2181
2358.97435897, 42.2789473684, 250000.0, 82.6796
2358.97435897, 44.8526315789, 250000.0, 78.9655
2358.97435897, 47.4263157895, 250000.0, 75.0828
2358.97435897, 50.0, 250000.0, 71.032
2730.76923077, 1.1, 250000.0, 0
2730.76923077, 3.67368421053, 250000.0, 108.765
2730.76923077, 6.24736842105, 250000.0, 112.313
2730.76923077, 8.82105263158, 250000.0, 112.414
2730.76923077, 11.3947368421, 250000.0, 114.801
2730.76923077, 13.9684210526, 250000.0, 107.181
2730.76923077, 16.5421052632, 250000.0, 105.241
2730.76923077, 19.1157894737, 250000.0, 104.698
2730.76923077, 21.6894736842, 250000.0, 104.267
2730.76923077, 24.2631578947, 250000.0, 103.603
2730.76923077, 26.8368421053, 250000.0, 102.634
2730.76923077, 29.4105263158, 250000.0, 101.369
2730.76923077, 31.9842105263, 250000.0, 99.8403
2730.76923077, 34.5578947368, 250000.0, 98.0821
2730.76923077, 37.1315789474, 250000.0, 96.127
2730.76923077, 39.7052631579, 250000.0, 94.003
2730.76923077, 42.2789473684, 250000.0, 91.734
2730.76923077, 44.8526315789, 250000.0, 89.3394
2730.76923077, 47.4263157895, 250000.0, 86.8349
2730.76923077, 50.0, 250000.0, 0
3102.56410256, 1.1, 250000.0, 0
3102.56410256, 3.67368421053, 250000.0, 110.074
3102.56410256, 6.24736842105, 250000.0, 113.175
3102.56410256, 8.82105263158, 250000.0, 112.989
3102.56410256, 11.3947368421, 250000.0, 112.108
3102.56410256, 13.9684210526, 250000.0, 109.725
3102.56410256, 16.5421052632, 250000.0, 103.939
3102.56410256, 19.1157894737, 250000.0, 102.584
3102.56410256, 21.6894736842, 250000.0, 102.537
3102.56410256, 24.2631578947, 250000.0, 102.716
3102.56410256, 26.8368421053, 250000.0, 102.769
3102.56410256, 29.4105263158, 250000.0, 102.597
3102.56410256, 31.9842105263, 250000.0, 102.189
3102.56410256, 34.5578947368, 250000.0, 101.562
3102.56410256, 37.1315789474, 250000.0, 100.741
3102.56410256, 39.7052631579, 250000.0, 99.7522
3102.56410256, 42.2789473684, 250000.0, 98.6189
3102.56410256, 44.8526315789, 250000.0, 97.3607
3102.56410256, 47.4263157895, 250000.0, 95.9942
3102.56410256, 50.0, 250000.0, 94.533
3474.35897436, 1.1, 250000.0, 0
3474.35897436, 3.67368421053, 250000.0, 111.261
3474.35897436, 6.24736842105, 250000.0, 113.958
3474.35897436, 8.82105263158, 250000.0, 113.635
3474.35897436, 11.3947368421, 250000.0, 111.941
3474.35897436, 13.9684210526, 250000.0, 126.546
3474.35897436, 16.5421052632, 250000.0, 104.53
3474.35897436, 19.1157894737, 250000.0, 100.078
3474.35897436, 21.6894736842, 250000.0, 99.4173
3474.35897436, 24.2631578947, 250000.0, 100.045
3474.35897436, 26.8368421053, 250000.0, 100.986
3474.35897436, 29.4105263158, 250000.0, 0
3474.35897436, 31.9842105263, 250000.0, 102.599
3474.35897436, 34.5578947368, 250000.0, 103.113
3474.35897436, 37.1315789474, 250000.0, 103.424
3474.35897436, 39.7052631579, 250000.0, 103.548
3474.35897436, 42.2789473684, 250000.0, 103.503
3474.35897436, 44.8526315789, 250000.0, 103.307
3474.35897436, 47.4263157895, 250000.0, 102.976
3474.35897436, 50.0, 250000.0, 102.524
3846.15384615, 1.1, 250000.0, 0
3846.15384615, 3.67368421053, 250000.0, 112.348
3846.15384615, 6.24736842105, 250000.0, 114.672
3846.15384615, 8.82105263158, 250000.0, 114.26
3846.15384615, 11.3947368421, 250000.0, 112.349
3846.15384615, 13.9684210526, 250000.0, 110.065
3846.15384615, 16.5421052632, 250000.0, 110.383
3846.15384615, 19.1157894737, 250000.0, 98.8903
3846.15384615, 21.6894736842, 250000.0, 95.615
3846.15384615, 24.2631578947, 250000.0, 95.8049
3846.15384615, 26.8368421053, 250000.0, 97.2881
3846.15384615, 29.4105263158, 250000.0, 99.1403
3846.15384615, 31.9842105263, 250000.0, 100.983
3846.15384615, 34.5578947368, 250000.0, 102.667
3846.15384615, 37.1315789474, 250000.0, 104.144
3846.15384615, 39.7052631579, 250000.0, 105.405
3846.15384615, 42.2789473684, 250000.0, 106.457
3846.15384615, 44.8526315789, 250000.0, 107.315
3846.15384615, 47.4263157895, 250000.0, 107.992
3846.15384615, 50.0, 250000.0, 108.504
4217.94871795, 1.1, 250000.0, 0
4217.94871795, 3.67368421053, 250000.0, 113.35
4217.94871795, 6.24736842105, 250000.0, 115.324
4217.94871795, 8.82105263158, 250000.0, 114.847
4217.94871795, 11.3947368421, 250000.0, 112.859
4217.94871795, 13.9684210526, 250000.0, 109.828
4217.94871795, 16.5421052632, 250000.0, 0
4217.94871795, 19.1157894737, 250000.0, 0
4217.94871795, 21.6894736842, 250000.0, 92.6325
4217.94871795, 24.2631578947, 250000.0, 90.5568
4217.94871795, 26.8368421053, 250000.0, 91.793
4217.94871795, 29.4105263158, 250000.0, 94.3208
4217.94871795, 31.9842105263, 250000.0, 97.226
4217.94871795, 34.5578947368, 250000.0, 100.112
4217.94871795, 37.1315789474, 250000.0, 102.816
4217.94871795, 39.7052631579, 250000.0, 105.277
4217.94871795, 42.2789473684, 250000.0, 107.479
4217.94871795, 44.8526315789, 250000.0, 109.428
4217.94871795, 47.4263157895, 250000.0, 111.136
4217.94871795, 50.0, 250000.0, 112.62
4589.74358974, 1.1, 250000.0, 0
4589.74358974, 3.67368421053, 250000.0, 114.279
4589.74358974, 6.24736842105, 250000.0, 115.925
4589.74358974, 8.82105263158, 250000.0, 115.393
4589.74358974, 11.3947368421, 250000.0, 113.377
4589.74358974, 13.9684210526, 250000.0, 110.14
4589.74358974, 16.5421052632, 250000.0, 106.615
4589.74358974, 19.1157894737, 250000.0, 0
4589.74358974, 21.6894736842, 250000.0, 93.5443
4589.74358974, 24.2631578947, 250000.0, 85.628
4589.74358974, 26.8368421053, 250000.0, 84.8946
4589.74358974, 29.4105263158, 250000.0, 87.4144
4589.74358974, 31.9842105263, 250000.0, 91.1867
4589.74358974, 34.5578947368, 250000.0, 95.2826
4589.74358974, 37.1315789474, 250000.0, 99.2944
4589.74358974, 39.7052631579, 250000.0, 103.054
4589.74358974, 42.2789473684, 250000.0, 106.5
4589.74358974, 44.8526315789, 250000.0, 109.62
4589.74358974, 47.4263157895, 250000.0, 112.423
4589.74358974, 50.0, 250000.0, 114.927
4961.53846154, 1.1, 250000.0, 0
4961.53846154, 3.67368421053, 250000.0, 115.145
4961.53846154, 6.24736842105, 250000.0, 116.48
4961.53846154, 8.82105263158, 250000.0, 0
4961.53846154, 11.3947368421, 250000.0, 113.876
4961.53846154, 13.9684210526, 250000.0, 110.581
4961.53846154, 16.5421052632, 250000.0, 106.259
4961.53846154, 19.1157894737, 250000.0, 105.594
4961.53846154, 21.6894736842, 250000.0, 0
4961.53846154, 24.2631578947, 250000.0, 0
4961.53846154, 26.8368421053, 250000.0, 77.7538
4961.53846154, 29.4105263158, 250000.0, 78.5962
4961.53846154, 31.9842105263, 250000.0, 82.6893
4961.53846154, 34.5578947368, 250000.0, 87.9224
4961.53846154, 37.1315789474, 250000.0, 93.3416
4961.53846154, 39.7052631579, 250000.0, 98.5455
4961.53846154, 42.2789473684, 250000.0, 103.38
4961.53846154, 44.8526315789, 250000.0, 107.799
4961.53846154, 47.4263157895, 250000.0, 111.803
4961.53846154, 50.0, 250000.0, 115.413
5333.33333333, 1.1, 250000.0, 0
5333.33333333, 3.67368421053, 250000.0, 115.955
5333.33333333, 6.24736842105, 250000.0, 116.995
5333.33333333, 8.82105263158, 250000.0, 116.372
5333.33333333, 11.3947368421, 250000.0, 114.351
5333.33333333, 13.9684210526, 250000.0, 111.049
5333.33333333, 16.5421052632, 250000.0, 106.493
5333.33333333, 19.1157894737, 250000.0, 101.857
5333.33333333, 21.6894736842, 250000.0, 0
5333.33333333, 24.2631578947, 250000.0, 0
5333.33333333, 26.8368421053, 250000.0, 0
5333.33333333, 29.4105263158, 250000.0, 0
5333.33333333, 31.9842105263, 250000.0, 71.5993
5333.33333333, 34.5578947368, 250000.0, 77.6254
5333.33333333, 37.1315789474, 250000.0, 84.5576
5333.33333333, 39.7052631579, 250000.0, 91.4277
5333.33333333, 42.2789473684, 250000.0, 97.8761
5333.33333333, 44.8526315789, 250000.0, 103.791
5333.33333333, 47.4263157895, 250000.0, 109.159
5333.33333333, 50.0, 250000.0, 114.007
5705.12820513, 1.1, 250000.0, 0
5705.12820513, 3.67368421053, 250000.0, 116.717
5705.12820513, 6.24736842105, 250000.0, 117.477
5705.12820513, 8.82105263158, 250000.0, 116.813
5705.12820513, 11.3947368421, 250000.0, 114.798
5705.12820513, 13.9684210526, 250000.0, 111.513
5705.12820513, 16.5421052632, 250000.0, 106.893
5705.12820513, 19.1157894737, 250000.0, 101.267
5705.12820513, 21.6894736842, 250000.0, 0
5705.12820513, 24.2631578947, 250000.0, 0
5705.12820513, 26.8368421053, 250000.0, 0
5705.12820513, 29.4105263158, 250000.0, 0
5705.12820513, 31.9842105263, 250000.0, 0
5705.12820513, 34.5578947368, 250000.0, 63.8162
5705.12820513, 37.1315789474, 250000.0, 72.2162
5705.12820513, 39.7052631579, 250000.0, 81.1162
5705.12820513, 42.2789473684, 250000.0, 89.5598
5705.12820513, 44.8526315789, 250000.0, 97.2911
5705.12820513, 47.4263157895, 250000.0, 104.278
5705.12820513, 50.0, 250000.0, 110.563
6076.92307692, 1.1, 250000.0, 0
6076.92307692, 3.67368421053, 250000.0, 117.436
6076.92307692, 6.24736842105, 250000.0, 117.928
6076.92307692, 8.82105263158, 250000.0, 117.227
6076.92307692, 11.3947368421, 250000.0, 115.22
6076.92307692, 13.9684210526, 250000.0, 111.96
6076.92307692, 16.5421052632, 250000.0, 107.342
6076.92307692, 19.1157894737, 250000.0, 101.389
6076.92307692, 21.6894736842, 250000.0, 0
6076.92307692, 24.2631578947, 250000.0, 0
6076.92307692, 26.8368421053, 250000.0, 0
6076.92307692, 29.4105263158, 250000.0, 0
6076.92307692, 31.9842105263, 250000.0, 0
6076.92307692, 34.5578947368, 250000.0, 0
6076.92307692, 37.1315789474, 250000.0, 0
6076.92307692, 39.7052631579, 250000.0, 66.4387
6076.92307692, 42.2789473684, 250000.0, 77.6164
6076.92307692, 44.8526315789, 250000.0, 87.7515
6076.92307692, 47.4263157895, 250000.0, 96.7909
6076.92307692, 50.0, 250000.0, 104.832
6448.71794872, 1.1, 250000.0, 0
6448.71794872, 3.67368421053, 250000.0, 118.116
6448.71794872, 6.24736842105, 250000.0, 118.353
6448.71794872, 8.82105263158, 250000.0, 117.615
6448.71794872, 11.3947368421, 250000.0, 115.618
6448.71794872, 13.9684210526, 250000.0, 112.388
6448.71794872, 16.5421052632, 250000.0, 0
6448.71794872, 19.1157894737, 250000.0, 101.742
6448.71794872, 21.6894736842, 250000.0, 94.9121
6448.71794872, 24.2631578947, 250000.0, 0
6448.71794872, 26.8368421053, 250000.0, 0
6448.71794872, 29.4105263158, 250000.0, 0
6448.71794872, 31.9842105263, 250000.0, 0
6448.71794872, 34.5578947368, 250000.0, 0
6448.71794872, 37.1315789474, 250000.0, 0
6448.71794872, 39.7052631579, 250000.0, 0
6448.71794872, 42.2789473684, 250000.0, 60.2534
6448.71794872, 44.8526315789, 250000.0, 74.0714
6448.71794872, 47.4263157895, 250000.0, 86.012
6448.71794872, 50.0, 250000.0, 96.3726
6820.51282051, 1.1, 250000.0, 0
6820.51282051, 3.67368421053, 250000.0, 118.761
6820.51282051, 6.24736842105, 250000.0, 118.753
6820.51282051, 8.82105263158, 250000.0, 117.981
6820.51282051, 11.3947368421, 250000.0, 115.994
6820.51282051, 13.9684210526, 250000.0, 112.795
6820.51282051, 16.5421052632, 250000.0, 0
6820.51282051, 19.1157894737, 250000.0, 102.178
6820.51282051, 21.6894736842, 250000.0, 94.7852
6820.51282051, 24.2631578947, 250000.0, 0
6820.51282051, 26.8368421053, 250000.0, 0
6820.51282051, 29.4105263158, 250000.0, 0
6820.51282051, 31.9842105263, 250000.0, 0
6820.51282051, 34.5578947368, 250000.0, 0
6820.51282051, 37.1315789474, 250000.0, 0
6820.51282051, 39.7052631579, 250000.0, 0
6820.51282051, 42.2789473684, 250000.0, 0
6820.51282051, 44.8526315789, 250000.0, 53.6397
6820.51282051, 47.4263157895, 250000.0, 70.4892
6820.51282051, 50.0, 250000.0, 84.3463
7192.30769231, 1.1, 250000.0, 0
7192.30769231, 3.67368421053, 250000.0, 119.375
7192.30769231, 6.24736842105, 250000.0, 119.132
7192.30769231, 8.82105263158, 250000.0, 118.326
7192.30769231, 11.3947368421, 250000.0, 116.35
7192.30769231, 13.9684210526, 250000.0, 113.182
7192.30769231, 16.5421052632, 250000.0, 0
7192.30769231, 19.1157894737, 250000.0, 102.64
7192.30769231, 21.6894736842, 250000.0, 95.0316
7192.30769231, 24.2631578947, 250000.0, 0
7192.30769231, 26.8368421053, 250000.0, 0
7192.30769231, 29.4105263158, 250000.0, 0
7192.30769231, 31.9842105263, 250000.0, 0
7192.30769231, 34.5578947368, 250000.0, 0
7192.30769231, 37.1315789474, 250000.0, 0
7192.30769231, 39.7052631579, 250000.0, 0
7192.30769231, 42.2789473684, 250000.0, 0
7192.30769231, 44.8526315789, 250000.0, 0
7192.30769231, 47.4263157895, 250000.0, 0
7192.30769231, 50.0, 250000.0, 66.8735
7564.1025641, 1.1, 250000.0, 0
7564.1025641, 3.67368421053, 250000.0, 119.96
7564.1025641, 6.24736842105, 250000.0, 119.492
7564.1025641, 8.82105263158, 250000.0, 118.654
7564.1025641, 11.3947368421, 250000.0, 116.687
7564.1025641, 13.9684210526, 250000.0, 113.549
7564.1025641, 16.5421052632, 250000.0, 0
7564.1025641, 19.1157894737, 250000.0, 103.103
7564.1025641, 21.6894736842, 250000.0, 95.4263
7564.1025641, 24.2631578947, 250000.0, 0
7564.1025641, 26.8368421053, 250000.0, 0
7564.1025641, 29.4105263158, 250000.0, 0
7564.1025641, 31.9842105263, 250000.0, 0
7564.1025641, 34.5578947368, 250000.0, 0
7564.1025641, 37.1315789474, 250000.0, 0
7564.1025641, 39.7052631579, 250000.0, 0
7564.1025641, 42.2789473684, 250000.0, 0
7564.1025641, 44.8526315789, 250000.0, 0
7564.1025641, 47.4263157895, 250000.0, 0
7564.1025641, 50.0, 250000.0, 0
7935.8974359, 1.1, 250000.0, 0
7935.8974359, 3.67368421053, 250000.0, 120.519
7935.8974359, 6.24736842105, 250000.0, 119.834
7935.8974359, 8.82105263158, 250000.0, 118.965
7935.8974359, 11.3947368421, 250000.0, 117.007
7935.8974359, 13.9684210526, 250000.0, 113.899
7935.8974359, 16.5421052632, 250000.0, 109.49
7935.8974359, 19.1157894737, 250000.0, 103.556
7935.8974359, 21.6894736842, 250000.0, 95.8819
7935.8974359, 24.2631578947, 250000.0, 0
7935.8974359, 26.8368421053, 250000.0, 0
7935.8974359, 29.4105263158, 250000.0, 0
7935.8974359, 31.9842105263, 250000.0, 0
7935.8974359, 34.5578947368, 250000.0, 0
7935.8974359, 37.1315789474, 250000.0, 0
7935.8974359, 39.7052631579, 250000.0, 0
7935.8974359, 42.2789473684, 250000.0, 0
7935.8974359, 44.8526315789, 250000.0, 0
7935.8974359, 47.4263157895, 250000.0, 0
7935.8974359, 50.0, 250000.0, 0
8307.69230769, 1.1, 250000.0, 0
8307.69230769, 3.67368421053, 250000.0, 121.055
8307.69230769, 6.24736842105, 250000.0, 120.16
8307.69230769, 8.82105263158, 250000.0, 119.261
8307.69230769, 11.3947368421, 250000.0, 117.312
8307.69230769, 13.9684210526, 250000.0, 114.233
8307.69230769, 16.5421052632, 250000.0, 109.869
8307.69230769, 19.1157894737, 250000.0, 103.995
8307.69230769, 21.6894736842, 250000.0, 96.3585
8307.69230769, 24.2631578947, 250000.0, 0
8307.69230769, 26.8368421053, 250000.0, 0
8307.69230769, 29.4105263158, 250000.0, 0
8307.69230769, 31.9842105263, 250000.0, 0
8307.69230769, 34.5578947368, 250000.0, 0
8307.69230769, 37.1315789474, 250000.0, 0
8307.69230769, 39.7052631579, 250000.0, 0
8307.69230769, 42.2789473684, 250000.0, 0
8307.69230769, 44.8526315789, 250000.0, 0
8307.69230769, 47.4263157895, 250000.0, 0
8307.69230769, 50.0, 250000.0, 0
8679.48717949, 1.1, 250000.0, 0
8679.48717949, 3.67368421053, 250000.0, 121.568
8679.48717949, 6.24736842105, 250000.0, 120.472
8679.48717949, 8.82105263158, 250000.0, 119.543
8679.48717949, 11.3947368421, 250000.0, 117.603
8679.48717949, 13.9684210526, 250000.0, 114.551
8679.48717949, 16.5421052632, 250000.0, 110.231
8679.48717949, 19.1157894737, 250000.0, 104.417
8679.48717949, 21.6894736842, 250000.0, 96.8368
8679.48717949, 24.2631578947, 250000.0, 87.4735
8679.48717949, 26.8368421053, 250000.0, 0
8679.48717949, 29.4105263158, 250000.0, 0
8679.48717949, 31.9842105263, 250000.0, 0
8679.48717949, 34.5578947368, 250000.0, 0
8679.48717949, 37.1315789474, 250000.0, 0
8679.48717949, 39.7052631579, 250000.0, 0
8679.48717949, 42.2789473684, 250000.0, 0
8679.48717949, 44.8526315789, 250000.0, 0
8679.48717949, 47.4263157895, 250000.0, 0
8679.48717949, 50.0, 250000.0, 0
9051.28205128, 1.1, 250000.0, 0
9051.28205128, 3.67368421053, 250000.0, 122.061
9051.28205128, 6.24736842105, 250000.0, 120.77
9051.28205128, 8.82105263158, 250000.0, 119.813
9051.28205128, 11.3947368421, 250000.0, 117.881
9051.28205128, 13.9684210526, 250000.0, 114.855
9051.28205128, 16.5421052632, 250000.0, 110.578
9051.28205128, 19.1157894737, 250000.0, 104.823
9051.28205128, 21.6894736842, 250000.0, 97.3072
9051.28205128, 24.2631578947, 250000.0, 87.867
9051.28205128, 26.8368421053, 250000.0, 0
9051.28205128, 29.4105263158, 250000.0, 0
9051.28205128, 31.9842105263, 250000.0, 0
9051.28205128, 34.5578947368, 250000.0, 0
9051.28205128, 37.1315789474, 250000.0, 0
9051.28205128, 39.7052631579, 250000.0, 0
9051.28205128, 42.2789473684, 250000.0, 0
9051.28205128, 44.8526315789, 250000.0, 0
9051.28205128, 47.4263157895, 250000.0, 0
9051.28205128, 50.0, 250000.0, 0
9423.07692308, 1.1, 250000.0, 0
9423.07692308, 3.67368421053, 250000.0, 122.535
9423.07692308, 6.24736842105, 250000.0, 121.056
9423.07692308, 8.82105263158, 250000.0, 120.071
9423.07692308, 11.3947368421, 250000.0, 118.147
9423.07692308, 13.9684210526, 250000.0, 115.145
9423.07692308, 16.5421052632, 250000.0, 110.909
9423.07692308, 19.1157894737, 250000.0, 105.212
9423.07692308, 21.6894736842, 250000.0, 97.7649
9423.07692308, 24.2631578947, 250000.0, 88.3168
9423.07692308, 26.8368421053, 250000.0, 0
9423.07692308, 29.4105263158, 250000.0, 0
9423.07692308, 31.9842105263, 250000.0, 0
9423.07692308, 34.5578947368, 250000.0, 0
9423.07692308, 37.1315789474, 250000.0, 0
9423.07692308, 39.7052631579, 250000.0, 0
9423.07692308, 42.2789473684, 250000.0, 0
9423.07692308, 44.8526315789, 250000.0, 0
9423.07692308, 47.4263157895, 250000.0, 0
9423.07692308, 50.0, 250000.0, 0
9794.87179487, 1.1, 250000.0, 0
9794.87179487, 3.67368421053, 250000.0, 122.991
9794.87179487, 6.24736842105, 250000.0, 121.33
9794.87179487, 8.82105263158, 250000.0, 120.318
9794.87179487, 11.3947368421, 250000.0, 118.401
9794.87179487, 13.9684210526, 250000.0, 115.424
9794.87179487, 16.5421052632, 250000.0, 111.227
9794.87179487, 19.1157894737, 250000.0, 105.585
9794.87179487, 21.6894736842, 250000.0, 98.2077
9794.87179487, 24.2631578947, 250000.0, 88.7955
9794.87179487, 26.8368421053, 250000.0, 0
9794.87179487, 29.4105263158, 250000.0, 0
9794.87179487, 31.9842105263, 250000.0, 0
9794.87179487, 34.5578947368, 250000.0, 0
9794.87179487, 37.1315789474, 250000.0, 0
9794.87179487, 39.7052631579, 250000.0, 0
9794.87179487, 42.2789473684, 250000.0, 0
9794.87179487, 44.8526315789, 250000.0, 0
9794.87179487, 47.4263157895, 250000.0, 0
9794.87179487, 50.0, 250000.0, 0
10166.6666667, 1.1, 250000.0, 0
10166.6666667, 3.67368421053, 250000.0, 123.431
10166.6666667, 6.24736842105, 250000.0, 121.594
10166.6666667, 8.82105263158, 250000.0, 120.556
10166.6666667, 11.3947368421, 250000.0, 118.646
10166.6666667, 13.9684210526, 250000.0, 115.692
10166.6666667, 16.5421052632, 250000.0, 111.532
10166.6666667, 19.1157894737, 250000.0, 105.943
10166.6666667, 21.6894736842, 250000.0, 98.6348
10166.6666667, 24.2631578947, 250000.0, 89.2789
10166.6666667, 26.8368421053, 250000.0, 0
10166.6666667, 29.4105263158, 250000.0, 0
10166.6666667, 31.9842105263, 250000.0, 0
10166.6666667, 34.5578947368, 250000.0, 0
10166.6666667, 37.1315789474, 250000.0, 0
10166.6666667, 39.7052631579, 250000.0, 0
10166.6666667, 42.2789473684, 250000.0, 0
10166.6666667, 44.8526315789, 250000.0, 0
10166.6666667, 47.4263157895, 250000.0, 0
10166.6666667, 50.0, 250000.0, 0
10538.4615385, 1.1, 250000.0, 0
10538.4615385, 3.67368421053, 250000.0, 123.856
10538.4615385, 6.24736842105, 250000.0, 121.848
10538.4615385, 8.82105263158, 250000.0, 120.784
10538.4615385, 11.3947368421, 250000.0, 0
10538.4615385, 13.9684210526, 250000.0, 115.949
10538.4615385, 16.5421052632, 250000.0, 111.825
10538.4615385, 19.1157894737, 250000.0, 106.287
10538.4615385, 21.6894736842, 250000.0, 99.0463
10538.4615385, 24.2631578947, 250000.0, 89.7558
10538.4615385, 26.8368421053, 250000.0, 0
10538.4615385, 29.4105263158, 250000.0, 0
10538.4615385, 31.9842105263, 250000.0, 0
10538.4615385, 34.5578947368, 250000.0, 0
10538.4615385, 37.1315789474, 250000.0, 0
10538.4615385, 39.7052631579, 250000.0, 0
10538.4615385, 42.2789473684, 250000.0, 0
10538.4615385, 44.8526315789, 250000.0, 0
10538.4615385, 47.4263157895, 250000.0, 0
10538.4615385, 50.0, 250000.0, 0
10910.2564103, 1.1, 250000.0, 0
10910.2564103, 3.67368421053, 250000.0, 124.267
10910.2564103, 6.24736842105, 250000.0, 122.093
10910.2564103, 8.82105263158, 250000.0, 121.004
10910.2564103, 11.3947368421, 250000.0, 119.107
10910.2564103, 13.9684210526, 250000.0, 116.197
10910.2564103, 16.5421052632, 250000.0, 112.106
10910.2564103, 19.1157894737, 250000.0, 106.618
10910.2564103, 21.6894736842, 250000.0, 99.4424
10910.2564103, 24.2631578947, 250000.0, 90.2224
10910.2564103, 26.8368421053, 250000.0, 0
10910.2564103, 29.4105263158, 250000.0, 0
10910.2564103, 31.9842105263, 250000.0, 0
10910.2564103, 34.5578947368, 250000.0, 0
10910.2564103, 37.1315789474, 250000.0, 0
10910.2564103, 39.7052631579, 250000.0, 0
10910.2564103, 42.2789473684, 250000.0, 0
10910.2564103, 44.8526315789, 250000.0, 0
10910.2564103, 47.4263157895, 250000.0, 0
10910.2564103, 50.0, 250000.0, 0
11282.0512821, 1.1, 250000.0, 0
11282.0512821, 3.67368421053, 250000.0, 124.664
11282.0512821, 6.24736842105, 250000.0, 122.329
11282.0512821, 8.82105263158, 250000.0, 0
11282.0512821, 11.3947368421, 250000.0, 0
11282.0512821, 13.9684210526, 250000.0, 0
11282.0512821, 16.5421052632, 250000.0, 0
11282.0512821, 19.1157894737, 250000.0, 106.936
11282.0512821, 21.6894736842, 250000.0, 99.8239
11282.0512821, 24.2631578947, 250000.0, 90.6766
11282.0512821, 26.8368421053, 250000.0, 0
11282.0512821, 29.4105263158, 250000.0, 0
11282.0512821, 31.9842105263, 250000.0, 0
11282.0512821, 34.5578947368, 250000.0, 0
11282.0512821, 37.1315789474, 250000.0, 0
11282.0512821, 39.7052631579, 250000.0, 0
11282.0512821, 42.2789473684, 250000.0, 0
11282.0512821, 44.8526315789, 250000.0, 0
11282.0512821, 47.4263157895, 250000.0, 0
11282.0512821, 50.0, 250000.0, 0
11653.8461538, 1.1, 250000.0, 0
11653.8461538, 3.67368421053, 250000.0, 125.049
11653.8461538, 6.24736842105, 250000.0, 0
11653.8461538, 8.82105263158, 250000.0, 121.42
11653.8461538, 11.3947368421, 250000.0, 119.536
11653.8461538, 13.9684210526, 250000.0, 0
11653.8461538, 16.5421052632, 250000.0, 112.639
11653.8461538, 19.1157894737, 250000.0, 0
11653.8461538, 21.6894736842, 250000.0, 0
11653.8461538, 24.2631578947, 250000.0, 91.1172
11653.8461538, 26.8368421053, 250000.0, 0
11653.8461538, 29.4105263158, 250000.0, 0
11653.8461538, 31.9842105263, 250000.0, 0
11653.8461538, 34.5578947368, 250000.0, 0
11653.8461538, 37.1315789474, 250000.0, 0
11653.8461538, 39.7052631579, 250000.0, 0
11653.8461538, 42.2789473684, 250000.0, 0
11653.8461538, 44.8526315789, 250000.0, 0
11653.8461538, 47.4263157895, 250000.0, 0
11653.8461538, 50.0, 250000.0, 0
12025.6410256, 1.1, 250000.0, 0
12025.6410256, 3.67368421053, 250000.0, 125.422
12025.6410256, 6.24736842105, 250000.0, 122.778
12025.6410256, 8.82105263158, 250000.0, 121.617
12025.6410256, 11.3947368421, 250000.0, 119.739
12025.6410256, 13.9684210526, 250000.0, 0
12025.6410256, 16.5421052632, 250000.0, 112.892
12025.6410256, 19.1157894737, 250000.0, 107.538
12025.6410256, 21.6894736842, 250000.0, 100.546
12025.6410256, 24.2631578947, 250000.0, 0
12025.6410256, 26.8368421053, 250000.0, 0
12025.6410256, 29.4105263158, 250000.0, 0
12025.6410256, 31.9842105263, 250000.0, 0
12025.6410256, 34.5578947368, 250000.0, 0
12025.6410256, 37.1315789474, 250000.0, 0
12025.6410256, 39.7052631579, 250000.0, 0
12025.6410256, 42.2789473684, 250000.0, 0
12025.6410256, 44.8526315789, 250000.0, 0
12025.6410256, 47.4263157895, 250000.0, 0
12025.6410256, 50.0, 250000.0, 0
12397.4358974, 1.1, 250000.0, 0
12397.4358974, 3.67368421053, 250000.0, 125.784
12397.4358974, 6.24736842105, 250000.0, 122.992
12397.4358974, 8.82105263158, 250000.0, 121.808
12397.4358974, 11.3947368421, 250000.0, 119.935
12397.4358974, 13.9684210526, 250000.0, 0
12397.4358974, 16.5421052632, 250000.0, 113.135
12397.4358974, 19.1157894737, 250000.0, 0
12397.4358974, 21.6894736842, 250000.0, 100.887
12397.4358974, 24.2631578947, 250000.0, 0
12397.4358974, 26.8368421053, 250000.0, 0
12397.4358974, 29.4105263158, 250000.0, 0
12397.4358974, 31.9842105263, 250000.0, 0
12397.4358974, 34.5578947368, 250000.0, 0
12397.4358974, 37.1315789474, 250000.0, 0
12397.4358974, 39.7052631579, 250000.0, 0
12397.4358974, 42.2789473684, 250000.0, 0
12397.4358974, 44.8526315789, 250000.0, 0
12397.4358974, 47.4263157895, 250000.0, 0
12397.4358974, 50.0, 250000.0, 0
12769.2307692, 1.1, 250000.0, 0
12769.2307692, 3.67368421053, 250000.0, 126.135
12769.2307692, 6.24736842105, 250000.0, 123.199
12769.2307692, 8.82105263158, 250000.0, 121.993
12769.2307692, 11.3947368421, 250000.0, 120.125
12769.2307692, 13.9684210526, 250000.0, 117.31
12769.2307692, 16.5421052632, 250000.0, 113.371
12769.2307692, 19.1157894737, 250000.0, 108.099
12769.2307692, 21.6894736842, 250000.0, 101.217
12769.2307692, 24.2631578947, 250000.0, 92.3564
12769.2307692, 26.8368421053, 250000.0, 0
12769.2307692, 29.4105263158, 250000.0, 0
12769.2307692, 31.9842105263, 250000.0, 0
12769.2307692, 34.5578947368, 250000.0, 0
12769.2307692, 37.1315789474, 250000.0, 0
12769.2307692, 39.7052631579, 250000.0, 0
12769.2307692, 42.2789473684, 250000.0, 0
12769.2307692, 44.8526315789, 250000.0, 0
12769.2307692, 47.4263157895, 250000.0, 0
12769.2307692, 50.0, 250000.0, 0
13141.025641, 1.1, 250000.0, 0
13141.025641, 3.67368421053, 250000.0, 0
13141.025641, 6.24736842105, 250000.0, 123.4
13141.025641, 8.82105263158, 250000.0, 122.171
13141.025641, 11.3947368421, 250000.0, 120.309
13141.025641, 13.9684210526, 250000.0, 0
13141.025641, 16.5421052632, 250000.0, 113.6
13141.025641, 19.1157894737, 250000.0, 108.366
13141.025641, 21.6894736842, 250000.0, 0
13141.025641, 24.2631578947, 250000.0, 92.7429
13141.025641, 26.8368421053, 250000.0, 81.9203
13141.025641, 29.4105263158, 250000.0, 0
13141.025641, 31.9842105263, 250000.0, 0
13141.025641, 34.5578947368, 250000.0, 0
13141.025641, 37.1315789474, 250000.0, 0
13141.025641, 39.7052631579, 250000.0, 0
13141.025641, 42.2789473684, 250000.0, 0
13141.025641, 44.8526315789, 250000.0, 0
13141.025641, 47.4263157895, 250000.0, 0
13141.025641, 50.0, 250000.0, 0
13512.8205128, 1.1, 250000.0, 0
13512.8205128, 3.67368421053, 250000.0, 126.808
13512.8205128, 6.24736842105, 250000.0, 123.595
13512.8205128, 8.82105263158, 250000.0, 122.345
13512.8205128, 11.3947368421, 250000.0, 120.487
13512.8205128, 13.9684210526, 250000.0, 0
13512.8205128, 16.5421052632, 250000.0, 113.821
13512.8205128, 19.1157894737, 250000.0, 108.624
13512.8205128, 21.6894736842, 250000.0, 101.845
13512.8205128, 24.2631578947, 250000.0, 93.1169
13512.8205128, 26.8368421053, 250000.0, 82.2041
13512.8205128, 29.4105263158, 250000.0, 0
13512.8205128, 31.9842105263, 250000.0, 0
13512.8205128, 34.5578947368, 250000.0, 0
13512.8205128, 37.1315789474, 250000.0, 0
13512.8205128, 39.7052631579, 250000.0, 0
