500.0, 1.1, 250000.0, 0
500.0, 3.6736842105263157, 250000.0, 93.56
500.0, 6.247368421052631, 250000.0, 100.327
500.0, 8.821052631578947, 250000.0, 102.038
500.0, 11.394736842105262, 250000.0, 102.418
500.0, 13.968421052631578, 250000.0, 102.195
500.0, 16.542105263157893, 250000.0, 101.585
500.0, 19.11578947368421, 250000.0, 100.68
500.0, 21.689473684210526, 250000.0, 99.5315
500.0, 24.263157894736842, 250000.0, 98.1781
500.0, 26.83684210526316, 250000.0, 96.6511
500.0, 29.410526315789472, 250000.0, 94.9777
500.0, 31.98421052631579, 250000.0, 93.1826
500.0, 34.5578947368421, 250000.0, 91.2878
500.0, 37.13157894736842, 250000.0, 89.3129
500.0, 39.705263157894734, 250000.0, 87.2757
500.0, 42.27894736842105, 250000.0, 85.1917
500.0, 44.85263157894737, 250000.0, 83.0747
500.0, 47.42631578947368, 250000.0, 80.9373
500.0, 50.0, 250000.0, 78.7903
736.8421052631579, 1.1, 250000.0, 76.3828
736.8421052631579, 3.6736842105263157, 250000.0, 97.9571
736.8421052631579, 6.247368421052631, 250000.0, 103.314
736.8421052631579, 8.821052631578947, 250000.0, 104.373
736.8421052631579, 11.394736842105262, 250000.0, 103.987
736.8421052631579, 13.968421052631578, 250000.0, 102.84
736.8421052631579, 16.542105263157893, 250000.0, 101.137
736.8421052631579, 19.11578947368421, 250000.0, 98.9628
736.8421052631579, 21.689473684210526, 250000.0, 96.3648
736.8421052631579, 24.263157894736842, 250000.0, 93.3759
736.8421052631579, 26.83684210526316, 250000.0, 90.022
736.8421052631579, 29.410526315789472, 250000.0, 86.3239
736.8421052631579, 31.98421052631579, 250000.0, 82.297
736.8421052631579, 34.5578947368421, 250000.0, 77.9504
736.8421052631579, 37.13157894736842, 250000.0, 73.2859
736.8421052631579, 39.705263157894734, 250000.0, 68.2965
736.8421052631579, 42.27894736842105, 250000.0, 62.9655
736.8421052631579, 44.85263157894737, 250000.0, 57.2727
736.8421052631579, 47.42631578947368, 250000.0, 51.2512
736.8421052631579, 50.0, 250000.0, 0
973.6842105263158, 1.1, 250000.0, 72.072
973.6842105263158, 3.6736842105263157, 250000.0, 103.155
973.6842105263158, 6.247368421052631, 250000.0, 105.657
973.6842105263158, 8.821052631578947, 250000.0, 106.583
973.6842105263158, 11.394736842105262, 250000.0, 106.116
973.6842105263158, 13.968421052631578, 250000.0, 104.858
973.6842105263158, 16.542105263157893, 250000.0, 103.015
973.6842105263158, 19.11578947368421, 250000.0, 100.665
973.6842105263158, 21.689473684210526, 250000.0, 97.8487
973.6842105263158, 24.263157894736842, 250000.0, 94.5871
973.6842105263158, 26.83684210526316, 250000.0, 90.8949
973.6842105263158, 29.410526315789472, 250000.0, 86.7796
973.6842105263158, 31.98421052631579, 250000.0, 82.2409
973.6842105263158, 34.5578947368421, 250000.0, 77.2685
973.6842105263158, 37.13157894736842, 250000.0, 71.8373
973.6842105263158, 39.705263157894734, 250000.0, 65.9012
973.6842105263158, 42.27894736842105, 250000.0, 59.3831
973.6842105263158, 44.85263157894737, 250000.0, 52.1646
973.6842105263158, 47.42631578947368, 250000.0, 44.1842
973.6842105263158, 50.0, 250000.0, 0
1210.5263157894738, 1.1, 250000.0, 77.9958
1210.5263157894738, 3.6736842105263157, 250000.0, 102.357
1210.5263157894738, 6.247368421052631, 250000.0, 107.781
1210.5263157894738, 8.821052631578947, 250000.0, 108.286
1210.5263157894738, 11.394736842105262, 250000.0, 107.975
1210.5263157894738, 13.968421052631578, 250000.0, 106.891
1210.5263157894738, 16.542105263157893, 250000.0, 105.226
1210.5263157894738, 19.11578947368421, 250000.0, 103.064
1210.5263157894738, 21.689473684210526, 250000.0, 100.446
1210.5263157894738, 24.263157894736842, 250000.0, 97.3952
1210.5263157894738, 26.83684210526316, 250000.0, 93.9225
1210.5263157894738, 29.410526315789472, 250000.0, 90.0342
1210.5263157894738, 31.98421052631579, 250000.0, 85.7294
1210.5263157894738, 34.5578947368421, 250000.0, 80.9982
1210.5263157894738, 37.13157894736842, 250000.0, 75.8187
1210.5263157894738, 39.705263157894734, 250000.0, 70.1505
1210.5263157894738, 42.27894736842105, 250000.0, 63.9261
1210.5263157894738, 44.85263157894737, 250000.0, 57.0333
1210.5263157894738, 47.42631578947368, 250000.0, 49.2904
1210.5263157894738, 50.0, 250000.0, 40.5314
1447.3684210526317, 1.1, 250000.0, 84.1537
1447.3684210526317, 3.6736842105263157, 250000.0, 103.381
1447.3684210526317, 6.247368421052631, 250000.0, 111.019
1447.3684210526317, 8.821052631578947, 250000.0, 109.588
1447.3684210526317, 11.394736842105262, 250000.0, 109.365
1447.3684210526317, 13.968421052631578, 250000.0, 108.553
1447.3684210526317, 16.542105263157893, 250000.0, 107.181
1447.3684210526317, 19.11578947368421, 250000.0, 105.328
1447.3684210526317, 21.689473684210526, 250000.0, 103.042
1447.3684210526317, 24.263157894736842, 250000.0, 100.349
1447.3684210526317, 26.83684210526316, 250000.0, 97.2646
1447.3684210526317, 29.410526315789472, 250000.0, 93.798
1447.3684210526317, 31.98421052631579, 250000.0, 89.953
1447.3684210526317, 34.5578947368421, 250000.0, 85.7268
1447.3684210526317, 37.13157894736842, 250000.0, 81.1089
1447.3684210526317, 39.705263157894734, 250000.0, 76.0774
1447.3684210526317, 42.27894736842105, 250000.0, 70.5943
1447.3684210526317, 44.85263157894737, 250000.0, 64.5966
1447.3684210526317, 47.42631578947368, 250000.0, 57.9817
1447.3684210526317, 50.0, 250000.0, 50.5797
1684.2105263157894, 1.1, 250000.0, 89.3095
1684.2105263157894, 3.6736842105263157, 250000.0, 104.501
1684.2105263157894, 6.247368421052631, 250000.0, 111.413
1684.2105263157894, 8.821052631578947, 250000.0, 110.964
1684.2105263157894, 11.394736842105262, 250000.0, 110.338
1684.2105263157894, 13.968421052631578, 250000.0, 109.757
1684.2105263157894, 16.542105263157893, 250000.0, 108.714
1684.2105263157894, 19.11578947368421, 250000.0, 107.215
1684.2105263157894, 21.689473684210526, 250000.0, 105.304
1684.2105263157894, 24.263157894736842, 250000.0, 103.01
1684.2105263157894, 26.83684210526316, 250000.0, 100.355
1684.2105263157894, 29.410526315789472, 250000.0, 97.3527
1684.2105263157894, 31.98421052631579, 250000.0, 94.0115
1684.2105263157894, 34.5578947368421, 250000.0, 90.3359
1684.2105263157894, 37.13157894736842, 250000.0, 86.3251
1684.2105263157894, 39.705263157894734, 250000.0, 81.9714
1684.2105263157894, 42.27894736842105, 250000.0, 77.2586
1684.2105263157894, 44.85263157894737, 250000.0, 72.1578
1684.2105263157894, 47.42631578947368, 250000.0, 66.6221
1684.2105263157894, 50.0, 250000.0, 60.5763
1921.0526315789473, 1.1, 250000.0, 93.5333
1921.0526315789473, 3.6736842105263157, 250000.0, 105.566
1921.0526315789473, 6.247368421052631, 250000.0, 111.45
1921.0526315789473, 8.821052631578947, 250000.0, 113.198
1921.0526315789473, 11.394736842105262, 250000.0, 111.125
1921.0526315789473, 13.968421052631578, 250000.0, 110.544
1921.0526315789473, 16.542105263157893, 250000.0, 109.794
1921.0526315789473, 19.11578947368421, 250000.0, 108.655
1921.0526315789473, 21.689473684210526, 250000.0, 107.13
1921.0526315789473, 24.263157894736842, 250000.0, 105.245
1921.0526315789473, 26.83684210526316, 250000.0, 103.022
1921.0526315789473, 29.410526315789472, 250000.0, 100.48
1921.0526315789473, 31.98421052631579, 250000.0, 97.6328
1921.0526315789473, 34.5578947368421, 250000.0, 94.4898
1921.0526315789473, 37.13157894736842, 250000.0, 91.057
1921.0526315789473, 39.705263157894734, 250000.0, 87.3359
1921.0526315789473, 42.27894736842105, 250000.0, 0
1921.0526315789473, 44.85263157894737, 250000.0, 79.0096
1921.0526315789473, 47.42631578947368, 250000.0, 74.3762
1921.0526315789473, 50.0, 250000.0, 69.3927
2157.894736842105, 1.1, 250000.0, 0
2157.894736842105, 3.6736842105263157, 250000.0, 106.555
2157.894736842105, 6.247368421052631, 250000.0, 111.93
2157.894736842105, 8.821052631578947, 250000.0, 117.124
2157.894736842105, 11.394736842105262, 250000.0, 112.134
2157.894736842105, 13.968421052631578, 250000.0, 111.052
2157.894736842105, 16.542105263157893, 250000.0, 110.455
2157.894736842105, 19.11578947368421, 250000.0, 109.642
2157.894736842105, 21.689473684210526, 250000.0, 108.495
2157.894736842105, 24.263157894736842, 250000.0, 107.013
2157.894736842105, 26.83684210526316, 250000.0, 105.215
2157.894736842105, 29.410526315789472, 250000.0, 103.12
2157.894736842105, 31.98421052631579, 250000.0, 100.745
2157.894736842105, 34.5578947368421, 250000.0, 98.1034
2157.894736842105, 37.13157894736842, 250000.0, 95.206
2157.894736842105, 39.705263157894734, 250000.0, 92.0603
2157.894736842105, 42.27894736842105, 250000.0, 88.6704
2157.894736842105, 44.85263157894737, 250000.0, 85.0369
2157.894736842105, 47.42631578947368, 250000.0, 81.1559
2157.894736842105, 50.0, 250000.0, 77.0178
2394.7368421052633, 1.1, 250000.0, 0
2394.7368421052633, 3.6736842105263157, 250000.0, 107.469
2394.7368421052633, 6.247368421052631, 250000.0, 112.487
2394.7368421052633, 8.821052631578947, 250000.0, 114.778
2394.7368421052633, 11.394736842105262, 250000.0, 113.927
2394.7368421052633, 13.968421052631578, 250000.0, 111.52
2394.7368421052633, 16.542105263157893, 250000.0, 110.792
2394.7368421052633, 19.11578947368421, 250000.0, 110.208
2394.7368421052633, 21.689473684210526, 250000.0, 109.406
2394.7368421052633, 24.263157894736842, 250000.0, 108.313
2394.7368421052633, 26.83684210526316, 250000.0, 106.927
2394.7368421052633, 29.410526315789472, 250000.0, 105.263
2394.7368421052633, 31.98421052631579, 250000.0, 103.339
2394.7368421052633, 34.5578947368421, 250000.0, 101.17
2394.7368421052633, 37.13157894736842, 250000.0, 98.7693
2394.7368421052633, 39.705263157894734, 250000.0, 96.1488
2394.7368421052633, 42.27894736842105, 250000.0, 93.3167
2394.7368421052633, 44.85263157894737, 250000.0, 90.2795
2394.7368421052633, 47.42631578947368, 250000.0, 87.0406
2394.7368421052633, 50.0, 250000.0, 83.6005
2631.578947368421, 1.1, 250000.0, 0
2631.578947368421, 3.6736842105263157, 250000.0, 108.317
2631.578947368421, 6.247368421052631, 250000.0, 113.039
2631.578947368421, 8.821052631578947, 250000.0, 114.606
2631.578947368421, 11.394736842105262, 250000.0, 117.147
2631.578947368421, 13.968421052631578, 250000.0, 112.3
2631.578947368421, 16.542105263157893, 250000.0, 110.96
2631.578947368421, 19.11578947368421, 250000.0, 110.421
2631.578947368421, 21.689473684210526, 250000.0, 109.891
2631.578947368421, 24.263157894736842, 250000.0, 109.155
2631.578947368421, 26.83684210526316, 250000.0, 108.164
2631.578947368421, 29.410526315789472, 250000.0, 106.916
2631.578947368421, 31.98421052631579, 250000.0, 105.424
2631.578947368421, 34.5578947368421, 250000.0, 103.704
2631.578947368421, 37.13157894736842, 250000.0, 101.77
2631.578947368421, 39.705263157894734, 250000.0, 99.635
2631.578947368421, 42.27894736842105, 250000.0, 97.311
2631.578947368421, 44.85263157894737, 250000.0, 94.8073
2631.578947368421, 47.42631578947368, 250000.0, 92.1313
2631.578947368421, 50.0, 250000.0, 89.2884
2868.4210526315787, 1.1, 250000.0, 0
2868.4210526315787, 3.6736842105263157, 250000.0, 109.106
2868.4210526315787, 6.247368421052631, 250000.0, 113.565
2868.4210526315787, 8.821052631578947, 250000.0, 114.834
2868.4210526315787, 11.394736842105262, 250000.0, 125.125
2868.4210526315787, 13.968421052631578, 250000.0, 113.85
2868.4210526315787, 16.542105263157893, 250000.0, 111.193
2868.4210526315787, 19.11578947368421, 250000.0, 110.393
2868.4210526315787, 21.689473684210526, 250000.0, 110.004
2868.4210526315787, 24.263157894736842, 250000.0, 109.568
2868.4210526315787, 26.83684210526316, 250000.0, 108.942
2868.4210526315787, 29.410526315789472, 250000.0, 0
2868.4210526315787, 31.98421052631579, 250000.0, 107.015
2868.4210526315787, 34.5578947368421, 250000.0, 105.725
2868.4210526315787, 37.13157894736842, 250000.0, 104.233
2868.4210526315787, 39.705263157894734, 250000.0, 102.555
2868.4210526315787, 42.27894736842105, 250000.0, 100.702
2868.4210526315787, 44.85263157894737, 250000.0, 98.6859
2868.4210526315787, 47.42631578947368, 250000.0, 96.516
2868.4210526315787, 50.0, 250000.0, 94.2005
3105.2631578947367, 1.1, 250000.0, 0
3105.2631578947367, 3.6736842105263157, 250000.0, 109.843
3105.2631578947367, 6.247368421052631, 250000.0, 114.059
3105.2631578947367, 8.821052631578947, 250000.0, 115.166
3105.2631578947367, 11.394736842105262, 250000.0, 116.402
3105.2631578947367, 13.968421052631578, 250000.0, 116.723
3105.2631578947367, 16.542105263157893, 250000.0, 111.807
3105.2631578947367, 19.11578947368421, 250000.0, 110.285
3105.2631578947367, 21.689473684210526, 250000.0, 109.829
3105.2631578947367, 24.263157894736842, 250000.0, 109.594
3105.2631578947367, 26.83684210526316, 250000.0, 109.286
3105.2631578947367, 29.410526315789472, 250000.0, 108.807
3105.2631578947367, 31.98421052631579, 250000.0, 108.128
3105.2631578947367, 34.5578947368421, 250000.0, 107.251
3105.2631578947367, 37.13157894736842, 250000.0, 106.184
3105.2631578947367, 39.705263157894734, 250000.0, 104.94
3105.2631578947367, 42.27894736842105, 250000.0, 103.531
3105.2631578947367, 44.85263157894737, 250000.0, 101.969
3105.2631578947367, 47.42631578947368, 250000.0, 100.265
3105.2631578947367, 50.0, 250000.0, 98.4274
3342.1052631578946, 1.1, 250000.0, 0
3342.1052631578946, 3.6736842105263157, 250000.0, 110.534
3342.1052631578946, 6.247368421052631, 250000.0, 114.523
3342.1052631578946, 8.821052631578947, 250000.0, 115.527
3342.1052631578946, 11.394736842105262, 250000.0, 116.06
3342.1052631578946, 13.968421052631578, 250000.0, 121.566
3342.1052631578946, 16.542105263157893, 250000.0, 113.21
3342.1052631578946, 19.11578947368421, 250000.0, 110.325
3342.1052631578946, 21.689473684210526, 250000.0, 109.483
3342.1052631578946, 24.263157894736842, 250000.0, 109.297
3342.1052631578946, 26.83684210526316, 250000.0, 109.232
3342.1052631578946, 29.410526315789472, 250000.0, 109.084
3342.1052631578946, 31.98421052631579, 250000.0, 108.78
3342.1052631578946, 34.5578947368421, 250000.0, 108.299
3342.1052631578946, 37.13157894736842, 250000.0, 107.642
3342.1052631578946, 39.705263157894734, 250000.0, 106.815
3342.1052631578946, 42.27894736842105, 250000.0, 105.831
3342.1052631578946, 44.85263157894737, 250000.0, 104.699
3342.1052631578946, 47.42631578947368, 250000.0, 103.431
3342.1052631578946, 50.0, 250000.0, 102.037
3578.9473684210525, 1.1, 250000.0, 0
3578.9473684210525, 3.6736842105263157, 250000.0, 111.185
3578.9473684210525, 6.247368421052631, 250000.0, 114.957
3578.9473684210525, 8.821052631578947, 250000.0, 115.888
3578.9473684210525, 11.394736842105262, 250000.0, 116.112
3578.9473684210525, 13.968421052631578, 250000.0, 118.446
3578.9473684210525, 16.542105263157893, 250000.0, 115.916
3578.9473684210525, 19.11578947368421, 250000.0, 110.809
3578.9473684210525, 21.689473684210526, 250000.0, 109.134
3578.9473684210525, 24.263157894736842, 250000.0, 108.769
3578.9473684210525, 26.83684210526316, 250000.0, 108.829
3578.9473684210525, 29.410526315789472, 250000.0, 108.952
3578.9473684210525, 31.98421052631579, 250000.0, 108.99
3578.9473684210525, 34.5578947368421, 250000.0, 108.886
3578.9473684210525, 37.13157894736842, 250000.0, 108.623
3578.9473684210525, 39.705263157894734, 250000.0, 108.2
3578.9473684210525, 42.27894736842105, 250000.0, 0
3578.9473684210525, 44.85263157894737, 250000.0, 106.907
3578.9473684210525, 47.42631578947368, 250000.0, 106.056
3578.9473684210525, 50.0, 250000.0, 105.081
3815.7894736842104, 1.1, 250000.0, 0
3815.7894736842104, 3.6736842105263157, 250000.0, 111.798
3815.7894736842104, 6.247368421052631, 250000.0, 115.364
3815.7894736842104, 8.821052631578947, 250000.0, 116.24
3815.7894736842104, 11.394736842105262, 250000.0, 116.301
3815.7894736842104, 13.968421052631578, 250000.0, 117.299
3815.7894736842104, 16.542105263157893, 250000.0, 120.588
3815.7894736842104, 19.11578947368421, 250000.0, 112.127
3815.7894736842104, 21.689473684210526, 250000.0, 109.004
3815.7894736842104, 24.263157894736842, 250000.0, 108.134
3815.7894736842104, 26.83684210526316, 250000.0, 108.15
3815.7894736842104, 29.410526315789472, 250000.0, 108.454
3815.7894736842104, 31.98421052631579, 250000.0, 108.784
3815.7894736842104, 34.5578947368421, 250000.0, 109.029
3815.7894736842104, 37.13157894736842, 250000.0, 109.143
3815.7894736842104, 39.705263157894734, 250000.0, 109.112
3815.7894736842104, 42.27894736842105, 250000.0, 108.935
3815.7894736842104, 44.85263157894737, 250000.0, 108.618
3815.7894736842104, 47.42631578947368, 250000.0, 0
3815.7894736842104, 50.0, 250000.0, 107.596
4052.6315789473683, 1.1, 250000.0, 0
4052.6315789473683, 3.6736842105263157, 250000.0, 112.38
4052.6315789473683, 6.247368421052631, 250000.0, 115.748
4052.6315789473683, 8.821052631578947, 250000.0, 116.578
4052.6315789473683, 11.394736842105262, 250000.0, 116.542
4052.6315789473683, 13.968421052631578, 250000.0, 116.769
4052.6315789473683, 16.542105263157893, 250000.0, 128.186
4052.6315789473683, 19.11578947368421, 250000.0, 114.787
4052.6315789473683, 21.689473684210526, 250000.0, 109.387
4052.6315789473683, 24.263157894736842, 250000.0, 107.562
4052.6315789473683, 26.83684210526316, 250000.0, 107.29
4052.6315789473683, 29.410526315789472, 250000.0, 107.643
4052.6315789473683, 31.98421052631579, 250000.0, 108.195
4052.6315789473683, 34.5578947368421, 250000.0, 108.75
4052.6315789473683, 37.13157894736842, 250000.0, 109.219
4052.6315789473683, 39.705263157894734, 250000.0, 109.565
4052.6315789473683, 42.27894736842105, 250000.0, 109.776
4052.6315789473683, 44.85263157894737, 250000.0, 109.85
4052.6315789473683, 47.42631578947368, 250000.0, 109.793
4052.6315789473683, 50.0, 250000.0, 109.61
4289.473684210527, 1.1, 250000.0, 0
4289.473684210527, 3.6736842105263157, 250000.0, 112.932
4289.473684210527, 6.247368421052631, 250000.0, 116.109
4289.473684210527, 8.821052631578947, 250000.0, 116.9
4289.473684210527, 11.394736842105262, 250000.0, 116.805
4289.473684210527, 13.968421052631578, 250000.0, 116.664
4289.473684210527, 16.542105263157893, 250000.0, 119.962
4289.473684210527, 19.11578947368421, 250000.0, 119.48
4289.473684210527, 21.689473684210526, 250000.0, 110.676
4289.473684210527, 24.263157894736842, 250000.0, 107.28
4289.473684210527, 26.83684210526316, 250000.0, 106.381
4289.473684210527, 29.410526315789472, 250000.0, 106.597
4289.473684210527, 31.98421052631579, 250000.0, 0
4289.473684210527, 34.5578947368421, 250000.0, 108.075
4289.473684210527, 37.13157894736842, 250000.0, 108.867
4289.473684210527, 39.705263157894734, 250000.0, 109.572
4289.473684210527, 42.27894736842105, 250000.0, 110.16
4289.473684210527, 44.85263157894737, 250000.0, 110.618
4289.473684210527, 47.42631578947368, 250000.0, 110.945
4289.473684210527, 50.0, 250000.0, 111.146
4526.315789473684, 1.1, 250000.0, 0
4526.315789473684, 3.6736842105263157, 250000.0, 113.457
4526.315789473684, 6.247368421052631, 250000.0, 116.45
4526.315789473684, 8.821052631578947, 250000.0, 117.208
4526.315789473684, 11.394736842105262, 250000.0, 117.073
4526.315789473684, 13.968421052631578, 250000.0, 116.73
4526.315789473684, 16.542105263157893, 250000.0, 117.877
4526.315789473684, 19.11578947368421, 250000.0, 127.231
4526.315789473684, 21.689473684210526, 250000.0, 113.396
4526.315789473684, 24.263157894736842, 250000.0, 107.592
4526.315789473684, 26.83684210526316, 250000.0, 105.599
4526.315789473684, 29.410526315789472, 250000.0, 105.417
4526.315789473684, 31.98421052631579, 250000.0, 106.061
4526.315789473684, 34.5578947368421, 250000.0, 0
4526.315789473684, 37.13157894736842, 250000.0, 108.11
4526.315789473684, 39.705263157894734, 250000.0, 109.15
4526.315789473684, 42.27894736842105, 250000.0, 110.099
4526.315789473684, 44.85263157894737, 250000.0, 110.932
4526.315789473684, 47.42631578947368, 250000.0, 111.639
4526.315789473684, 50.0, 250000.0, 112.217
4763.157894736842, 1.1, 250000.0, 0
4763.157894736842, 3.6736842105263157, 250000.0, 113.958
4763.157894736842, 6.247368421052631, 250000.0, 116.773
4763.157894736842, 8.821052631578947, 250000.0, 117.501
4763.157894736842, 11.394736842105262, 250000.0, 117.339
4763.157894736842, 13.968421052631578, 250000.0, 116.875
4763.157894736842, 16.542105263157893, 250000.0, 117.115
4763.157894736842, 19.11578947368421, 250000.0, 159.153
4763.157894736842, 21.689473684210526, 250000.0, 118.284
4763.157894736842, 24.263157894736842, 250000.0, 108.91
4763.157894736842, 26.83684210526316, 250000.0, 105.183
4763.157894736842, 29.410526315789472, 250000.0, 104.242
4763.157894736842, 31.98421052631579, 250000.0, 104.655
4763.157894736842, 34.5578947368421, 250000.0, 105.692
4763.157894736842, 37.13157894736842, 250000.0, 106.976
4763.157894736842, 39.705263157894734, 250000.0, 108.314
4763.157894736842, 42.27894736842105, 250000.0, 109.607
4763.157894736842, 44.85263157894737, 250000.0, 110.804
4763.157894736842, 47.42631578947368, 250000.0, 111.884
4763.157894736842, 50.0, 250000.0, 112.837
5000.0, 1.1, 250000.0, 0
5000.0, 3.6736842105263157, 250000.0, 114.437
5000.0, 6.247368421052631, 250000.0, 117.08
5000.0, 8.821052631578947, 250000.0, 117.779
5000.0, 11.394736842105262, 250000.0, 117.6
5000.0, 13.968421052631578, 250000.0, 117.061
5000.0, 16.542105263157893, 250000.0, 116.836
5000.0, 19.11578947368421, 250000.0, 120.974
5000.0, 21.689473684210526, 250000.0, 126.417
5000.0, 24.263157894736842, 250000.0, 111.799
5000.0, 26.83684210526316, 250000.0, 105.46
5000.0, 29.410526315789472, 250000.0, 103.262
5000.0, 31.98421052631579, 250000.0, 103.16
5000.0, 34.5578947368421, 250000.0, 104.093
5000.0, 37.13157894736842, 250000.0, 105.5
5000.0, 39.705263157894734, 250000.0, 107.087
5000.0, 42.27894736842105, 250000.0, 108.695
5000.0, 44.85263157894737, 250000.0, 110.244
5000.0, 47.42631578947368, 250000.0, 111.689
5000.0, 50.0, 250000.0, 113.013
