5000.0, 1.1, 250000.0, 0
5000.0, 3.6736842105263157, 250000.0, 114.437
5000.0, 6.247368421052631, 250000.0, 117.08
5000.0, 8.821052631578947, 250000.0, 117.779
5000.0, 11.394736842105262, 250000.0, 117.6
5000.0, 13.968421052631578, 250000.0, 117.061
5000.0, 16.542105263157893, 250000.0, 116.836
5000.0, 19.11578947368421, 250000.0, 120.974
5000.0, 21.689473684210526, 250000.0, 126.417
5000.0, 24.263157894736842, 250000.0, 111.799
5000.0, 26.83684210526316, 250000.0, 105.46
5000.0, 29.410526315789472, 250000.0, 103.262
5000.0, 31.98421052631579, 250000.0, 103.16
5000.0, 34.5578947368421, 250000.0, 104.093
5000.0, 37.13157894736842, 250000.0, 105.5
5000.0, 39.705263157894734, 250000.0, 107.087
5000.0, 42.27894736842105, 250000.0, 108.695
5000.0, 44.85263157894737, 250000.0, 110.244
5000.0, 47.42631578947368, 250000.0, 111.689
5000.0, 50.0, 250000.0, 113.013
5526.315789473684, 1.1, 250000.0, 0
5526.315789473684, 3.6736842105263157, 250000.0, 115.431
5526.315789473684, 6.247368421052631, 250000.0, 117.709
5526.315789473684, 8.821052631578947, 250000.0, 118.353
5526.315789473684, 11.394736842105262, 250000.0, 118.151
5526.315789473684, 13.968421052631578, 250000.0, 117.527
5526.315789473684, 16.542105263157893, 250000.0, 116.842
5526.315789473684, 19.11578947368421, 250000.0, 117.216
5526.315789473684, 21.689473684210526, 250000.0, 126.767
5526.315789473684, 24.263157894736842, 250000.0, 128.471
5526.315789473684, 26.83684210526316, 250000.0, 111.091
5526.315789473684, 29.410526315789472, 250000.0, 103.245
5526.315789473684, 31.98421052631579, 250000.0, 100.362
5526.315789473684, 34.5578947368421, 250000.0, 100.126
5526.315789473684, 37.13157894736842, 250000.0, 101.275
5526.315789473684, 39.705263157894734, 250000.0, 103.115
5526.315789473684, 42.27894736842105, 250000.0, 105.262
5526.315789473684, 44.85263157894737, 250000.0, 107.503
5526.315789473684, 47.42631578947368, 250000.0, 0
5526.315789473684, 50.0, 250000.0, 111.851
6052.631578947368, 1.1, 250000.0, 0
6052.631578947368, 3.6736842105263157, 250000.0, 116.342
6052.631578947368, 6.247368421052631, 250000.0, 118.277
6052.631578947368, 8.821052631578947, 250000.0, 118.871
6052.631578947368, 11.394736842105262, 250000.0, 118.66
6052.631578947368, 13.968421052631578, 250000.0, 118.005
6052.631578947368, 16.542105263157893, 250000.0, 117.147
6052.631578947368, 19.11578947368421, 250000.0, 116.592
6052.631578947368, 21.689473684210526, 250000.0, 118.512
6052.631578947368, 24.263157894736842, 250000.0, 0
6052.631578947368, 26.83684210526316, 250000.0, 0
6052.631578947368, 29.410526315789472, 250000.0, 110.801
6052.631578947368, 31.98421052631579, 250000.0, 100.933
6052.631578947368, 34.5578947368421, 250000.0, 97.0943
6052.631578947368, 37.13157894736842, 250000.0, 96.586
6052.631578947368, 39.705263157894734, 250000.0, 97.8901
6052.631578947368, 42.27894736842105, 250000.0, 100.139
6052.631578947368, 44.85263157894737, 250000.0, 102.839
6052.631578947368, 47.42631578947368, 250000.0, 105.711
6052.631578947368, 50.0, 250000.0, 108.596
6578.9473684210525, 1.1, 250000.0, 0
6578.9473684210525, 3.6736842105263157, 250000.0, 117.181
6578.9473684210525, 6.247368421052631, 250000.0, 118.794
6578.9473684210525, 8.821052631578947, 250000.0, 119.341
6578.9473684210525, 11.394736842105262, 250000.0, 119.128
6578.9473684210525, 13.968421052631578, 250000.0, 118.466
6578.9473684210525, 16.542105263157893, 250000.0, 117.538
6578.9473684210525, 19.11578947368421, 250000.0, 116.63
6578.9473684210525, 21.689473684210526, 250000.0, 116.653
6578.9473684210525, 24.263157894736842, 250000.0, 121.989
6578.9473684210525, 26.83684210526316, 250000.0, 0
6578.9473684210525, 29.410526315789472, 250000.0, 0
6578.9473684210525, 31.98421052631579, 250000.0, 0
6578.9473684210525, 34.5578947368421, 250000.0, 98.751
6578.9473684210525, 37.13157894736842, 250000.0, 93.5256
6578.9473684210525, 39.705263157894734, 250000.0, 92.5433
6578.9473684210525, 42.27894736842105, 250000.0, 93.9184
6578.9473684210525, 44.85263157894737, 250000.0, 96.5513
6578.9473684210525, 47.42631578947368, 250000.0, 99.8049
6578.9473684210525, 50.0, 250000.0, 103.315
7105.263157894737, 1.1, 250000.0, 0
7105.263157894737, 3.6736842105263157, 250000.0, 117.959
7105.263157894737, 6.247368421052631, 250000.0, 119.267
7105.263157894737, 8.821052631578947, 250000.0, 119.771
7105.263157894737, 11.394736842105262, 250000.0, 119.558
7105.263157894737, 13.968421052631578, 250000.0, 118.901
7105.263157894737, 16.542105263157893, 250000.0, 117.948
7105.263157894737, 19.11578947368421, 250000.0, 116.884
7105.263157894737, 21.689473684210526, 250000.0, 116.199
7105.263157894737, 24.263157894736842, 250000.0, 117.615
7105.263157894737, 26.83684210526316, 250000.0, 0
7105.263157894737, 29.410526315789472, 250000.0, 0
7105.263157894737, 31.98421052631579, 250000.0, 0
7105.263157894737, 34.5578947368421, 250000.0, 0
7105.263157894737, 37.13157894736842, 250000.0, 0
7105.263157894737, 39.705263157894734, 250000.0, 89.8161
7105.263157894737, 42.27894736842105, 250000.0, 88.0132
7105.263157894737, 44.85263157894737, 250000.0, 89.331
7105.263157894737, 47.42631578947368, 250000.0, 92.3165
7105.263157894737, 50.0, 250000.0, 96.1317
7631.578947368421, 1.1, 250000.0, 0
7631.578947368421, 3.6736842105263157, 250000.0, 118.684
7631.578947368421, 6.247368421052631, 250000.0, 119.703
7631.578947368421, 8.821052631578947, 250000.0, 120.166
7631.578947368421, 11.394736842105262, 250000.0, 119.955
7631.578947368421, 13.968421052631578, 250000.0, 119.309
7631.578947368421, 16.542105263157893, 250000.0, 118.352
7631.578947368421, 19.11578947368421, 250000.0, 117.217
7631.578947368421, 21.689473684210526, 250000.0, 116.207
7631.578947368421, 24.263157894736842, 250000.0, 116.221
7631.578947368421, 26.83684210526316, 250000.0, 120.521
7631.578947368421, 29.410526315789472, 250000.0, 0
7631.578947368421, 31.98421052631579, 250000.0, 0
7631.578947368421, 34.5578947368421, 250000.0, 0
7631.578947368421, 37.13157894736842, 250000.0, 0
7631.578947368421, 39.705263157894734, 250000.0, 0
7631.578947368421, 42.27894736842105, 250000.0, 0
7631.578947368421, 44.85263157894737, 250000.0, 83.078
7631.578947368421, 47.42631578947368, 250000.0, 84.0956
7631.578947368421, 50.0, 250000.0, 87.3809
8157.894736842105, 1.1, 250000.0, 0
8157.894736842105, 3.6736842105263157, 250000.0, 119.363
8157.894736842105, 6.247368421052631, 250000.0, 120.106
8157.894736842105, 8.821052631578947, 250000.0, 120.53
8157.894736842105, 11.394736842105262, 250000.0, 120.322
8157.894736842105, 13.968421052631578, 250000.0, 119.689
8157.894736842105, 16.542105263157893, 250000.0, 118.741
8157.894736842105, 19.11578947368421, 250000.0, 117.577
8157.894736842105, 21.689473684210526, 250000.0, 116.403
8157.894736842105, 24.263157894736842, 250000.0, 115.767
8157.894736842105, 26.83684210526316, 250000.0, 117.313
8157.894736842105, 29.410526315789472, 250000.0, 0
8157.894736842105, 31.98421052631579, 250000.0, 0
8157.894736842105, 34.5578947368421, 250000.0, 0
8157.894736842105, 37.13157894736842, 250000.0, 0
8157.894736842105, 39.705263157894734, 250000.0, 0
8157.894736842105, 42.27894736842105, 250000.0, 0
8157.894736842105, 44.85263157894737, 250000.0, 0
8157.894736842105, 47.42631578947368, 250000.0, 0
8157.894736842105, 50.0, 250000.0, 78.2184
8684.21052631579, 1.1, 250000.0, 0
8684.21052631579, 3.6736842105263157, 250000.0, 120.001
8684.21052631579, 6.247368421052631, 250000.0, 120.482
8684.21052631579, 8.821052631578947, 250000.0, 120.868
8684.21052631579, 11.394736842105262, 250000.0, 120.663
8684.21052631579, 13.968421052631578, 250000.0, 120.044
8684.21052631579, 16.542105263157893, 250000.0, 119.111
8684.21052631579, 19.11578947368421, 250000.0, 117.94
8684.21052631579, 21.689473684210526, 250000.0, 116.682
8684.21052631579, 24.263157894736842, 250000.0, 115.704
8684.21052631579, 26.83684210526316, 250000.0, 115.992
8684.21052631579, 29.410526315789472, 250000.0, 0
8684.21052631579, 31.98421052631579, 250000.0, 0
8684.21052631579, 34.5578947368421, 250000.0, 0
8684.21052631579, 37.13157894736842, 250000.0, 0
8684.21052631579, 39.705263157894734, 250000.0, 0
8684.21052631579, 42.27894736842105, 250000.0, 0
8684.21052631579, 44.85263157894737, 250000.0, 0
8684.21052631579, 47.42631578947368, 250000.0, 0
8684.21052631579, 50.0, 250000.0, 0
9210.526315789473, 1.1, 250000.0, 0
9210.526315789473, 3.6736842105263157, 250000.0, 120.603
9210.526315789473, 6.247368421052631, 250000.0, 120.833
9210.526315789473, 8.821052631578947, 250000.0, 121.182
9210.526315789473, 11.394736842105262, 250000.0, 120.98
9210.526315789473, 13.968421052631578, 250000.0, 120.377
9210.526315789473, 16.542105263157893, 250000.0, 119.461
9210.526315789473, 19.11578947368421, 250000.0, 118.296
9210.526315789473, 21.689473684210526, 250000.0, 116.997
9210.526315789473, 24.263157894736842, 250000.0, 115.826
9210.526315789473, 26.83684210526316, 250000.0, 115.442
9210.526315789473, 29.410526315789472, 250000.0, 117.601
9210.526315789473, 31.98421052631579, 250000.0, 0
9210.526315789473, 34.5578947368421, 250000.0, 0
9210.526315789473, 37.13157894736842, 250000.0, 0
9210.526315789473, 39.705263157894734, 250000.0, 0
9210.526315789473, 42.27894736842105, 250000.0, 0
9210.526315789473, 44.85263157894737, 250000.0, 0
9210.526315789473, 47.42631578947368, 250000.0, 0
9210.526315789473, 50.0, 250000.0, 0
9736.842105263157, 1.1, 250000.0, 0
9736.842105263157, 3.6736842105263157, 250000.0, 121.171
9736.842105263157, 6.247368421052631, 250000.0, 121.162
9736.842105263157, 8.821052631578947, 250000.0, 121.476
9736.842105263157, 11.394736842105262, 250000.0, 121.277
9736.842105263157, 13.968421052631578, 250000.0, 120.689
9736.842105263157, 16.542105263157893, 250000.0, 119.792
9736.842105263157, 19.11578947368421, 250000.0, 118.64
9736.842105263157, 21.689473684210526, 250000.0, 117.324
9736.842105263157, 24.263157894736842, 250000.0, 0
9736.842105263157, 26.83684210526316, 250000.0, 115.266
9736.842105263157, 29.410526315789472, 250000.0, 116.14
9736.842105263157, 31.98421052631579, 250000.0, 0
9736.842105263157, 34.5578947368421, 250000.0, 0
9736.842105263157, 37.13157894736842, 250000.0, 0
9736.842105263157, 39.705263157894734, 250000.0, 0
9736.842105263157, 42.27894736842105, 250000.0, 0
9736.842105263157, 44.85263157894737, 250000.0, 0
9736.842105263157, 47.42631578947368, 250000.0, 0
9736.842105263157, 50.0, 250000.0, 0
10263.157894736842, 1.1, 250000.0, 0
10263.157894736842, 3.6736842105263157, 250000.0, 121.71
10263.157894736842, 6.247368421052631, 250000.0, 121.471
10263.157894736842, 8.821052631578947, 250000.0, 121.752
10263.157894736842, 11.394736842105262, 250000.0, 121.556
10263.157894736842, 13.968421052631578, 250000.0, 120.982
10263.157894736842, 16.542105263157893, 250000.0, 120.104
10263.157894736842, 19.11578947368421, 250000.0, 118.97
10263.157894736842, 21.689473684210526, 250000.0, 117.652
10263.157894736842, 24.263157894736842, 250000.0, 0
10263.157894736842, 26.83684210526316, 250000.0, 115.289
10263.157894736842, 29.410526315789472, 250000.0, 115.418
10263.157894736842, 31.98421052631579, 250000.0, 0
10263.157894736842, 34.5578947368421, 250000.0, 0
10263.157894736842, 37.13157894736842, 250000.0, 0
10263.157894736842, 39.705263157894734, 250000.0, 0
10263.157894736842, 42.27894736842105, 250000.0, 0
10263.157894736842, 44.85263157894737, 250000.0, 0
10263.157894736842, 47.42631578947368, 250000.0, 0
10263.157894736842, 50.0, 250000.0, 0
10789.473684210527, 1.1, 250000.0, 0
10789.473684210527, 3.6736842105263157, 250000.0, 122.222
10789.473684210527, 6.247368421052631, 250000.0, 121.763
10789.473684210527, 8.821052631578947, 250000.0, 0
10789.473684210527, 11.394736842105262, 250000.0, 0
10789.473684210527, 13.968421052631578, 250000.0, 0
10789.473684210527, 16.542105263157893, 250000.0, 120.4
10789.473684210527, 19.11578947368421, 250000.0, 119.286
10789.473684210527, 21.689473684210526, 250000.0, 117.975
10789.473684210527, 24.263157894736842, 250000.0, 116.594
10789.473684210527, 26.83684210526316, 250000.0, 115.424
10789.473684210527, 29.410526315789472, 250000.0, 115.08
10789.473684210527, 31.98421052631579, 250000.0, 0
10789.473684210527, 34.5578947368421, 250000.0, 0
10789.473684210527, 37.13157894736842, 250000.0, 0
10789.473684210527, 39.705263157894734, 250000.0, 0
10789.473684210527, 42.27894736842105, 250000.0, 0
10789.473684210527, 44.85263157894737, 250000.0, 0
10789.473684210527, 47.42631578947368, 250000.0, 0
10789.473684210527, 50.0, 250000.0, 0
11315.78947368421, 1.1, 250000.0, 0
11315.78947368421, 3.6736842105263157, 250000.0, 122.71
11315.78947368421, 6.247368421052631, 250000.0, 0
11315.78947368421, 8.821052631578947, 250000.0, 122.255
11315.78947368421, 11.394736842105262, 250000.0, 122.064
11315.78947368421, 13.968421052631578, 250000.0, 121.519
11315.78947368421, 16.542105263157893, 250000.0, 120.68
11315.78947368421, 19.11578947368421, 250000.0, 119.586
11315.78947368421, 21.689473684210526, 250000.0, 0
11315.78947368421, 24.263157894736842, 250000.0, 116.892
11315.78947368421, 26.83684210526316, 250000.0, 115.623
11315.78947368421, 29.410526315789472, 250000.0, 114.966
11315.78947368421, 31.98421052631579, 250000.0, 115.969
11315.78947368421, 34.5578947368421, 250000.0, 0
11315.78947368421, 37.13157894736842, 250000.0, 0
11315.78947368421, 39.705263157894734, 250000.0, 0
11315.78947368421, 42.27894736842105, 250000.0, 0
11315.78947368421, 44.85263157894737, 250000.0, 0
11315.78947368421, 47.42631578947368, 250000.0, 0
11315.78947368421, 50.0, 250000.0, 0
11842.105263157893, 1.1, 250000.0, 0
11842.105263157893, 3.6736842105263157, 250000.0, 123.176
11842.105263157893, 6.247368421052631, 250000.0, 122.3
11842.105263157893, 8.821052631578947, 250000.0, 122.486
11842.105263157893, 11.394736842105262, 250000.0, 122.298
11842.105263157893, 13.968421052631578, 250000.0, 121.766
11842.105263157893, 16.542105263157893, 250000.0, 120.946
11842.105263157893, 19.11578947368421, 250000.0, 119.873
11842.105263157893, 21.689473684210526, 250000.0, 118.592
11842.105263157893, 24.263157894736842, 250000.0, 117.191
11842.105263157893, 26.83684210526316, 250000.0, 115.859
11842.105263157893, 29.410526315789472, 250000.0, 114.988
11842.105263157893, 31.98421052631579, 250000.0, 115.379
11842.105263157893, 34.5578947368421, 250000.0, 0
11842.105263157893, 37.13157894736842, 250000.0, 0
11842.105263157893, 39.705263157894734, 250000.0, 0
11842.105263157893, 42.27894736842105, 250000.0, 0
11842.105263157893, 44.85263157894737, 250000.0, 0
11842.105263157893, 47.42631578947368, 250000.0, 0
11842.105263157893, 50.0, 250000.0, 0
12368.421052631578, 1.1, 250000.0, 0
12368.421052631578, 3.6736842105263157, 250000.0, 0
12368.421052631578, 6.247368421052631, 250000.0, 122.549
12368.421052631578, 8.821052631578947, 250000.0, 0
12368.421052631578, 11.394736842105262, 250000.0, 122.519
12368.421052631578, 13.968421052631578, 250000.0, 121.999
12368.421052631578, 16.542105263157893, 250000.0, 121.198
12368.421052631578, 19.11578947368421, 250000.0, 120.147
12368.421052631578, 21.689473684210526, 250000.0, 118.884
12368.421052631578, 24.263157894736842, 250000.0, 117.487
12368.421052631578, 26.83684210526316, 250000.0, 116.116
12368.421052631578, 29.410526315789472, 250000.0, 115.097
12368.421052631578, 31.98421052631579, 250000.0, 115.076
12368.421052631578, 34.5578947368421, 250000.0, 0
12368.421052631578, 37.13157894736842, 250000.0, 0
12368.421052631578, 39.705263157894734, 250000.0, 0
12368.421052631578, 42.27894736842105, 250000.0, 0
12368.421052631578, 44.85263157894737, 250000.0, 0
12368.421052631578, 47.42631578947368, 250000.0, 0
12368.421052631578, 50.0, 250000.0, 0
12894.736842105263, 1.1, 250000.0, 0
12894.736842105263, 3.6736842105263157, 250000.0, 124.048
12894.736842105263, 6.247368421052631, 250000.0, 122.786
12894.736842105263, 8.821052631578947, 250000.0, 122.911
12894.736842105263, 11.394736842105262, 250000.0, 122.728
12894.736842105263, 13.968421052631578, 250000.0, 122.221
12894.736842105263, 16.542105263157893, 250000.0, 121.438
12894.736842105263, 19.11578947368421, 250000.0, 120.407
12894.736842105263, 21.689473684210526, 250000.0, 119.165
12894.736842105263, 24.263157894736842, 250000.0, 117.777
12894.736842105263, 26.83684210526316, 250000.0, 116.383
12894.736842105263, 29.410526315789472, 250000.0, 115.26
12894.736842105263, 31.98421052631579, 250000.0, 114.945
12894.736842105263, 34.5578947368421, 250000.0, 0
12894.736842105263, 37.13157894736842, 250000.0, 0
12894.736842105263, 39.705263157894734, 250000.0, 0
12894.736842105263, 42.27894736842105, 250000.0, 0
12894.736842105263, 44.85263157894737, 250000.0, 0
12894.736842105263, 47.42631578947368, 250000.0, 0
12894.736842105263, 50.0, 250000.0, 0
13421.052631578947, 1.1, 250000.0, 0
13421.052631578947, 3.6736842105263157, 250000.0, 124.457
13421.052631578947, 6.247368421052631, 250000.0, 123.012
13421.052631578947, 8.821052631578947, 250000.0, 123.109
13421.052631578947, 11.394736842105262, 250000.0, 122.927
13421.052631578947, 13.968421052631578, 250000.0, 122.432
13421.052631578947, 16.542105263157893, 250000.0, 121.666
13421.052631578947, 19.11578947368421, 250000.0, 120.656
13421.052631578947, 21.689473684210526, 250000.0, 119.435
13421.052631578947, 24.263157894736842, 250000.0, 118.06
13421.052631578947, 26.83684210526316, 250000.0, 116.655
13421.052631578947, 29.410526315789472, 250000.0, 115.457
13421.052631578947, 31.98421052631579, 250000.0, 114.926
13421.052631578947, 34.5578947368421, 250000.0, 0
13421.052631578947, 37.13157894736842, 250000.0, 0
13421.052631578947, 39.705263157894734, 250000.0, 0
13421.052631578947, 42.27894736842105, 250000.0, 0
13421.052631578947, 44.85263157894737, 250000.0, 0
13421.052631578947, 47.42631578947368, 250000.0, 0
13421.052631578947, 50.0, 250000.0, 0
13947.36842105263, 1.1, 250000.0, 0
13947.36842105263, 3.6736842105263157, 250000.0, 124.85
13947.36842105263, 6.247368421052631, 250000.0, 123.227
13947.36842105263, 8.821052631578947, 250000.0, 123.297
13947.36842105263, 11.394736842105262, 250000.0, 123.117
13947.36842105263, 13.968421052631578, 250000.0, 122.634
13947.36842105263, 16.542105263157893, 250000.0, 121.884
13947.36842105263, 19.11578947368421, 250000.0, 120.894
13947.36842105263, 21.689473684210526, 250000.0, 119.694
13947.36842105263, 24.263157894736842, 250000.0, 118.335
13947.36842105263, 26.83684210526316, 250000.0, 116.926
13947.36842105263, 29.410526315789472, 250000.0, 115.677
13947.36842105263, 31.98421052631579, 250000.0, 114.983
13947.36842105263, 34.5578947368421, 250000.0, 0
13947.36842105263, 37.13157894736842, 250000.0, 0
13947.36842105263, 39.705263157894734, 250000.0, 0
13947.36842105263, 42.27894736842105, 250000.0, 0
13947.36842105263, 44.85263157894737, 250000.0, 0
13947.36842105263, 47.42631578947368, 250000.0, 0
13947.36842105263, 50.0, 250000.0, 0
14473.684210526315, 1.1, 250000.0, 0
14473.684210526315, 3.6736842105263157, 250000.0, 125.228
14473.684210526315, 6.247368421052631, 250000.0, 123.434
14473.684210526315, 8.821052631578947, 250000.0, 123.476
14473.684210526315, 11.394736842105262, 250000.0, 123.298
14473.684210526315, 13.968421052631578, 250000.0, 122.825
14473.684210526315, 16.542105263157893, 250000.0, 122.092
14473.684210526315, 19.11578947368421, 250000.0, 121.122
14473.684210526315, 21.689473684210526, 250000.0, 119.942
14473.684210526315, 24.263157894736842, 250000.0, 118.6
14473.684210526315, 26.83684210526316, 250000.0, 117.194
14473.684210526315, 29.410526315789472, 250000.0, 115.91
14473.684210526315, 31.98421052631579, 250000.0, 115.094
14473.684210526315, 34.5578947368421, 250000.0, 115.397
14473.684210526315, 37.13157894736842, 250000.0, 0
14473.684210526315, 39.705263157894734, 250000.0, 0
14473.684210526315, 42.27894736842105, 250000.0, 0
14473.684210526315, 44.85263157894737, 250000.0, 0
14473.684210526315, 47.42631578947368, 250000.0, 0
14473.684210526315, 50.0, 250000.0, 0
15000.0, 1.1, 250000.0, 0
15000.0, 3.6736842105263157, 250000.0, 125.593
15000.0, 6.247368421052631, 250000.0, 123.631
15000.0, 8.821052631578947, 250000.0, 0
15000.0, 11.394736842105262, 250000.0, 123.471
15000.0, 13.968421052631578, 250000.0, 123.009
15000.0, 16.542105263157893, 250000.0, 122.291
15000.0, 19.11578947368421, 250000.0, 121.34
15000.0, 21.689473684210526, 250000.0, 120.181
15000.0, 24.263157894736842, 250000.0, 118.857
15000.0, 26.83684210526316, 250000.0, 117.458
15000.0, 29.410526315789472, 250000.0, 116.15
15000.0, 31.98421052631579, 250000.0, 115.241
15000.0, 34.5578947368421, 250000.0, 0
15000.0, 37.13157894736842, 250000.0, 0
15000.0, 39.705263157894734, 250000.0, 0
15000.0, 42.27894736842105, 250000.0, 0
15000.0, 44.85263157894737, 250000.0, 0
15000.0, 47.42631578947368, 250000.0, 0
15000.0, 50.0, 250000.0, 0
