500.0, 1.1, 500000.0, 0
500.0, 3.67368421053, 500000.0, 96.7553
500.0, 6.24736842105, 500000.0, 103.852
500.0, 8.82105263158, 500000.0, 106.263
500.0, 11.3947368421, 500000.0, 107.397
500.0, 13.9684210526, 500000.0, 107.831
500.0, 16.5421052632, 500000.0, 107.749
500.0, 19.1157894737, 500000.0, 107.262
500.0, 21.6894736842, 500000.0, 106.456
500.0, 24.2631578947, 500000.0, 105.408
500.0, 26.8368421053, 500000.0, 104.187
500.0, 29.4105263158, 500000.0, 102.858
500.0, 31.9842105263, 500000.0, 101.482
500.0, 34.5578947368, 500000.0, 100.162
500.0, 37.1315789474, 500000.0, 99.1051
500.0, 39.7052631579, 500000.0, 0
500.0, 42.2789473684, 500000.0, 0
500.0, 44.8526315789, 500000.0, 0
500.0, 47.4263157895, 500000.0, 0
500.0, 50.0, 500000.0, 0
871.794871795, 1.1, 500000.0, 96.6859
871.794871795, 3.67368421053, 500000.0, 99.7495
871.794871795, 6.24736842105, 500000.0, 104.618
871.794871795, 8.82105263158, 500000.0, 105.16
871.794871795, 11.3947368421, 500000.0, 104.024
871.794871795, 13.9684210526, 500000.0, 101.766
871.794871795, 16.5421052632, 500000.0, 98.5335
871.794871795, 19.1157894737, 500000.0, 94.384
871.794871795, 21.6894736842, 500000.0, 89.3425
871.794871795, 24.2631578947, 500000.0, 83.4167
871.794871795, 26.8368421053, 500000.0, 76.6271
871.794871795, 29.4105263158, 500000.0, 0
871.794871795, 31.9842105263, 500000.0, 0
871.794871795, 34.5578947368, 500000.0, 0
871.794871795, 37.1315789474, 500000.0, 0
871.794871795, 39.7052631579, 500000.0, 0
871.794871795, 42.2789473684, 500000.0, 0
871.794871795, 44.8526315789, 500000.0, 0
871.794871795, 47.4263157895, 500000.0, 0
871.794871795, 50.0, 500000.0, 0
1243.58974359, 1.1, 500000.0, 82.5561
1243.58974359, 3.67368421053, 500000.0, 109.456
1243.58974359, 6.24736842105, 500000.0, 107.075
1243.58974359, 8.82105263158, 500000.0, 107.189
1243.58974359, 11.3947368421, 500000.0, 105.64
1243.58974359, 13.9684210526, 500000.0, 102.928
1243.58974359, 16.5421052632, 500000.0, 99.1864
1243.58974359, 19.1157894737, 500000.0, 94.4282
1243.58974359, 21.6894736842, 500000.0, 88.6161
1243.58974359, 24.2631578947, 500000.0, 81.6681
1243.58974359, 26.8368421053, 500000.0, 73.4409
1243.58974359, 29.4105263158, 500000.0, 63.7963
1243.58974359, 31.9842105263, 500000.0, 0
1243.58974359, 34.5578947368, 500000.0, 0
1243.58974359, 37.1315789474, 500000.0, 0
1243.58974359, 39.7052631579, 500000.0, 0
1243.58974359, 42.2789473684, 500000.0, 0
1243.58974359, 44.8526315789, 500000.0, 0
1243.58974359, 47.4263157895, 500000.0, 0
1243.58974359, 50.0, 500000.0, 0
1615.38461538, 1.1, 500000.0, 0
1615.38461538, 3.67368421053, 500000.0, 106.705
1615.38461538, 6.24736842105, 500000.0, 109.83
1615.38461538, 8.82105263158, 500000.0, 109.112
1615.38461538, 11.3947368421, 500000.0, 107.959
1615.38461538, 13.9684210526, 500000.0, 105.621
1615.38461538, 16.5421052632, 500000.0, 102.254
1615.38461538, 19.1157894737, 500000.0, 97.9113
1615.38461538, 21.6894736842, 500000.0, 92.5776
1615.38461538, 24.2631578947, 500000.0, 86.1885
1615.38461538, 26.8368421053, 500000.0, 78.6213
1615.38461538, 29.4105263158, 500000.0, 69.658
1615.38461538, 31.9842105263, 500000.0, 58.9521
1615.38461538, 34.5578947368, 500000.0, 0
1615.38461538, 37.1315789474, 500000.0, 0
1615.38461538, 39.7052631579, 500000.0, 0
1615.38461538, 42.2789473684, 500000.0, 0
1615.38461538, 44.8526315789, 500000.0, 0
1615.38461538, 47.4263157895, 500000.0, 0
1615.38461538, 50.0, 500000.0, 0
1987.17948718, 1.1, 500000.0, 0
1987.17948718, 3.67368421053, 500000.0, 105.9
1987.17948718, 6.24736842105, 500000.0, 116.866
1987.17948718, 8.82105263158, 500000.0, 110.402
1987.17948718, 11.3947368421, 500000.0, 109.521
1987.17948718, 13.9684210526, 500000.0, 107.976
1987.17948718, 16.5421052632, 500000.0, 105.416
1987.17948718, 19.1157894737, 500000.0, 101.907
1987.17948718, 21.6894736842, 500000.0, 97.4869
1987.17948718, 24.2631578947, 500000.0, 92.1438
1987.17948718, 26.8368421053, 500000.0, 85.8233
1987.17948718, 29.4105263158, 500000.0, 78.4145
1987.17948718, 31.9842105263, 500000.0, 69.7149
1987.17948718, 34.5578947368, 500000.0, 59.3569
1987.17948718, 37.1315789474, 500000.0, 0
1987.17948718, 39.7052631579, 500000.0, 0
1987.17948718, 42.2789473684, 500000.0, 0
1987.17948718, 44.8526315789, 500000.0, 0
1987.17948718, 47.4263157895, 500000.0, 0
1987.17948718, 50.0, 500000.0, 0
2358.97435897, 1.1, 500000.0, 0
2358.97435897, 3.67368421053, 500000.0, 106.898
2358.97435897, 6.24736842105, 500000.0, 118.19
2358.97435897, 8.82105263158, 500000.0, 112.851
2358.97435897, 11.3947368421, 500000.0, 110.119
2358.97435897, 13.9684210526, 500000.0, 109.254
2358.97435897, 16.5421052632, 500000.0, 107.717
2358.97435897, 19.1157894737, 500000.0, 105.279
2358.97435897, 21.6894736842, 500000.0, 101.974
2358.97435897, 24.2631578947, 500000.0, 97.8397
2358.97435897, 26.8368421053, 500000.0, 92.8798
2358.97435897, 29.4105263158, 500000.0, 87.0654
2358.97435897, 31.9842105263, 500000.0, 80.3245
2358.97435897, 34.5578947368, 500000.0, 72.5199
2358.97435897, 37.1315789474, 500000.0, 63.3999
2358.97435897, 39.7052631579, 500000.0, 52.5024
2358.97435897, 42.2789473684, 500000.0, 0
2358.97435897, 44.8526315789, 500000.0, 0
2358.97435897, 47.4263157895, 500000.0, 0
2358.97435897, 50.0, 500000.0, 0
2730.76923077, 1.1, 500000.0, 0
2730.76923077, 3.67368421053, 500000.0, 108.399
2730.76923077, 6.24736842105, 500000.0, 114.817
2730.76923077, 8.82105263158, 500000.0, 119.875
2730.76923077, 11.3947368421, 500000.0, 110.72
2730.76923077, 13.9684210526, 500000.0, 109.366
2730.76923077, 16.5421052632, 500000.0, 108.734
2730.76923077, 19.1157894737, 500000.0, 107.471
2730.76923077, 21.6894736842, 500000.0, 105.406
2730.76923077, 24.2631578947, 500000.0, 102.563
2730.76923077, 26.8368421053, 500000.0, 98.9819
2730.76923077, 29.4105263158, 500000.0, 94.6834
2730.76923077, 31.9842105263, 500000.0, 89.6665
2730.76923077, 34.5578947368, 500000.0, 83.9017
2730.76923077, 37.1315789474, 500000.0, 77.3215
2730.76923077, 39.7052631579, 500000.0, 69.7999
2730.76923077, 42.2789473684, 500000.0, 61.1085
2730.76923077, 44.8526315789, 500000.0, 50.8291
2730.76923077, 47.4263157895, 500000.0, 0
2730.76923077, 50.0, 500000.0, 0
3102.56410256, 1.1, 500000.0, 0
3102.56410256, 3.67368421053, 500000.0, 110.084
3102.56410256, 6.24736842105, 500000.0, 114.197
3102.56410256, 8.82105263158, 500000.0, 0
3102.56410256, 11.3947368421, 500000.0, 113.536
3102.56410256, 13.9684210526, 500000.0, 108.91
3102.56410256, 16.5421052632, 500000.0, 108.428
3102.56410256, 19.1157894737, 500000.0, 108.225
3102.56410256, 21.6894736842, 500000.0, 107.444
3102.56410256, 24.2631578947, 500000.0, 105.951
3102.56410256, 26.8368421053, 500000.0, 103.764
3102.56410256, 29.4105263158, 500000.0, 100.926
3102.56410256, 31.9842105263, 500000.0, 97.4728
3102.56410256, 34.5578947368, 500000.0, 93.4238
3102.56410256, 37.1315789474, 500000.0, 88.7821
3102.56410256, 39.7052631579, 500000.0, 83.5305
3102.56410256, 42.2789473684, 500000.0, 77.6254
3102.56410256, 44.8526315789, 500000.0, 70.985
3102.56410256, 47.4263157895, 500000.0, 63.4652
3102.56410256, 50.0, 500000.0, 54.8125
3474.35897436, 1.1, 500000.0, 0
3474.35897436, 3.67368421053, 500000.0, 111.828
3474.35897436, 6.24736842105, 500000.0, 114.247
3474.35897436, 8.82105263158, 500000.0, 120.027
3474.35897436, 11.3947368421, 500000.0, 121.717
3474.35897436, 13.9684210526, 500000.0, 109.321
3474.35897436, 16.5421052632, 500000.0, 107.194
3474.35897436, 19.1157894737, 500000.0, 107.521
3474.35897436, 21.6894736842, 500000.0, 107.921
3474.35897436, 24.2631578947, 500000.0, 107.792
3474.35897436, 26.8368421053, 500000.0, 107.022
3474.35897436, 29.4105263158, 500000.0, 105.63
3474.35897436, 31.9842105263, 500000.0, 103.659
3474.35897436, 34.5578947368, 500000.0, 101.152
3474.35897436, 37.1315789474, 500000.0, 98.1426
3474.35897436, 39.7052631579, 500000.0, 94.6527
3474.35897436, 42.2789473684, 500000.0, 90.6936
3474.35897436, 44.8526315789, 500000.0, 86.2638
3474.35897436, 47.4263157895, 500000.0, 81.3472
3474.35897436, 50.0, 500000.0, 75.9088
3846.15384615, 1.1, 500000.0, 0
3846.15384615, 3.67368421053, 500000.0, 113.571
3846.15384615, 6.24736842105, 500000.0, 114.555
3846.15384615, 8.82105263158, 500000.0, 117.591
3846.15384615, 11.3947368421, 500000.0, 139.123
3846.15384615, 13.9684210526, 500000.0, 113.016
3846.15384615, 16.5421052632, 500000.0, 106.005
3846.15384615, 19.1157894737, 500000.0, 105.626
3846.15384615, 21.6894736842, 500000.0, 106.823
3846.15384615, 24.2631578947, 500000.0, 107.975
3846.15384615, 26.8368421053, 500000.0, 108.629
3846.15384615, 29.4105263158, 500000.0, 108.691
3846.15384615, 31.9842105263, 500000.0, 108.179
3846.15384615, 34.5578947368, 500000.0, 107.137
3846.15384615, 37.1315789474, 500000.0, 105.61
3846.15384615, 39.7052631579, 500000.0, 103.637
3846.15384615, 42.2789473684, 500000.0, 101.252
3846.15384615, 44.8526315789, 500000.0, 98.4773
3846.15384615, 47.4263157895, 500000.0, 95.3313
3846.15384615, 50.0, 500000.0, 91.8237
4217.94871795, 1.1, 500000.0, 0
4217.94871795, 3.67368421053, 500000.0, 115.286
4217.94871795, 6.24736842105, 500000.0, 114.983
4217.94871795, 8.82105263158, 500000.0, 116.726
4217.94871795, 11.3947368421, 500000.0, 128.912
4217.94871795, 13.9684210526, 500000.0, 123.534
4217.94871795, 16.5421052632, 500000.0, 106.635
4217.94871795, 19.1157894737, 500000.0, 0
4217.94871795, 21.6894736842, 500000.0, 104.321
4217.94871795, 24.2631578947, 500000.0, 106.482
4217.94871795, 26.8368421053, 500000.0, 108.504
4217.94871795, 29.4105263158, 500000.0, 110.031
4217.94871795, 31.9842105263, 500000.0, 110.99
4217.94871795, 34.5578947368, 500000.0, 111.395
4217.94871795, 37.1315789474, 500000.0, 111.292
4217.94871795, 39.7052631579, 500000.0, 110.725
4217.94871795, 42.2789473684, 500000.0, 109.739
4217.94871795, 44.8526315789, 500000.0, 108.368
4217.94871795, 47.4263157895, 500000.0, 106.644
4217.94871795, 50.0, 500000.0, 104.592
4589.74358974, 1.1, 500000.0, 0
4589.74358974, 3.67368421053, 500000.0, 116.957
4589.74358974, 6.24736842105, 500000.0, 115.47
4589.74358974, 8.82105263158, 500000.0, 116.418
4589.74358974, 11.3947368421, 500000.0, 121.444
4589.74358974, 13.9684210526, 500000.0, 146.867
4589.74358974, 16.5421052632, 500000.0, 111.982
4589.74358974, 19.1157894737, 500000.0, 101.564
4589.74358974, 21.6894736842, 500000.0, 100.867
4589.74358974, 24.2631578947, 500000.0, 103.408
4589.74358974, 26.8368421053, 500000.0, 106.617
4589.74358974, 29.4105263158, 500000.0, 109.589
4589.74358974, 31.9842105263, 500000.0, 112.041
4589.74358974, 34.5578947368, 500000.0, 113.915
4589.74358974, 37.1315789474, 500000.0, 115.234
4589.74358974, 39.7052631579, 500000.0, 116.04
4589.74358974, 42.2789473684, 500000.0, 116.38
4589.74358974, 44.8526315789, 500000.0, 116.3
4589.74358974, 47.4263157895, 500000.0, 115.839
4589.74358974, 50.0, 500000.0, 115.03
4961.53846154, 1.1, 500000.0, 0
4961.53846154, 3.67368421053, 500000.0, 118.577
4961.53846154, 6.24736842105, 500000.0, 115.985
4961.53846154, 8.82105263158, 500000.0, 116.37
4961.53846154, 11.3947368421, 500000.0, 118.784
4961.53846154, 13.9684210526, 500000.0, 0
4961.53846154, 16.5421052632, 500000.0, 126.64
4961.53846154, 19.1157894737, 500000.0, 103.006
4961.53846154, 21.6894736842, 500000.0, 97.3888
4961.53846154, 24.2631578947, 500000.0, 99.0375
4961.53846154, 26.8368421053, 500000.0, 103.004
4961.53846154, 29.4105263158, 500000.0, 107.319
4961.53846154, 31.9842105263, 500000.0, 111.278
4961.53846154, 34.5578947368, 500000.0, 114.663
4961.53846154, 37.1315789474, 500000.0, 117.439
4961.53846154, 39.7052631579, 500000.0, 119.632
4961.53846154, 42.2789473684, 500000.0, 121.291
4961.53846154, 44.8526315789, 500000.0, 122.465
4961.53846154, 47.4263157895, 500000.0, 123.202
4961.53846154, 50.0, 500000.0, 123.543
5333.33333333, 1.1, 500000.0, 0
5333.33333333, 3.67368421053, 500000.0, 120.143
5333.33333333, 6.24736842105, 500000.0, 116.513
5333.33333333, 8.82105263158, 500000.0, 116.461
5333.33333333, 11.3947368421, 500000.0, 117.514
5333.33333333, 13.9684210526, 500000.0, 130.716
5333.33333333, 16.5421052632, 500000.0, 0
5333.33333333, 19.1157894737, 500000.0, 111.444
5333.33333333, 21.6894736842, 500000.0, 95.6839
5333.33333333, 24.2631578947, 500000.0, 93.9935
5333.33333333, 26.8368421053, 500000.0, 97.8087
5333.33333333, 29.4105263158, 500000.0, 103.204
5333.33333333, 31.9842105263, 500000.0, 108.643
5333.33333333, 34.5578947368, 500000.0, 113.585
5333.33333333, 37.1315789474, 500000.0, 117.878
5333.33333333, 39.7052631579, 500000.0, 121.509
5333.33333333, 42.2789473684, 500000.0, 124.518
5333.33333333, 44.8526315789, 500000.0, 126.958
5333.33333333, 47.4263157895, 500000.0, 128.885
5333.33333333, 50.0, 500000.0, 130.348
5705.12820513, 1.1, 500000.0, 0
5705.12820513, 3.67368421053, 500000.0, 121.653
5705.12820513, 6.24736842105, 500000.0, 117.045
5705.12820513, 8.82105263158, 500000.0, 116.631
5705.12820513, 11.3947368421, 500000.0, 116.847
5705.12820513, 13.9684210526, 500000.0, 123.201
5705.12820513, 16.5421052632, 500000.0, 0
5705.12820513, 19.1157894737, 500000.0, 0
5705.12820513, 21.6894736842, 500000.0, 0
5705.12820513, 24.2631578947, 500000.0, 89.6096
5705.12820513, 26.8368421053, 500000.0, 91.3955
5705.12820513, 29.4105263158, 500000.0, 97.2726
5705.12820513, 31.9842105263, 500000.0, 104.072
5705.12820513, 34.5578947368, 500000.0, 110.61
5705.12820513, 37.1315789474, 500000.0, 116.497
5705.12820513, 39.7052631579, 500000.0, 121.643
5705.12820513, 42.2789473684, 500000.0, 126.065
5705.12820513, 44.8526315789, 500000.0, 129.817
5705.12820513, 47.4263157895, 500000.0, 132.962
5705.12820513, 50.0, 500000.0, 135.561
6076.92307692, 1.1, 500000.0, 0
6076.92307692, 3.67368421053, 500000.0, 123.109
6076.92307692, 6.24736842105, 500000.0, 117.573
6076.92307692, 8.82105263158, 500000.0, 116.85
6076.92307692, 11.3947368421, 500000.0, 116.497
6076.92307692, 13.9684210526, 500000.0, 119.742
6076.92307692, 16.5421052632, 500000.0, 0
6076.92307692, 19.1157894737, 500000.0, 0
6076.92307692, 21.6894736842, 500000.0, 0
6076.92307692, 24.2631578947, 500000.0, 0
6076.92307692, 26.8368421053, 500000.0, 84.6574
6076.92307692, 29.4105263158, 500000.0, 89.6638
6076.92307692, 31.9842105263, 500000.0, 97.5
6076.92307692, 34.5578947368, 500000.0, 105.639
6076.92307692, 37.1315789474, 500000.0, 113.214
6076.92307692, 39.7052631579, 500000.0, 119.977
6076.92307692, 42.2789473684, 500000.0, 125.902
6076.92307692, 44.8526315789, 500000.0, 131.04
6076.92307692, 47.4263157895, 500000.0, 135.461
6076.92307692, 50.0, 500000.0, 139.236
6448.71794872, 1.1, 500000.0, 0
6448.71794872, 3.67368421053, 500000.0, 124.511
6448.71794872, 6.24736842105, 500000.0, 118.095
6448.71794872, 8.82105263158, 500000.0, 117.098
6448.71794872, 11.3947368421, 500000.0, 116.332
6448.71794872, 13.9684210526, 500000.0, 117.813
6448.71794872, 16.5421052632, 500000.0, 0
6448.71794872, 19.1157894737, 500000.0, 0
6448.71794872, 21.6894736842, 500000.0, 0
6448.71794872, 24.2631578947, 500000.0, 0
6448.71794872, 26.8368421053, 500000.0, 0
6448.71794872, 29.4105263158, 500000.0, 80.8467
6448.71794872, 31.9842105263, 500000.0, 88.8722
6448.71794872, 34.5578947368, 500000.0, 98.5288
6448.71794872, 37.1315789474, 500000.0, 107.901
6448.71794872, 39.7052631579, 500000.0, 116.419
6448.71794872, 42.2789473684, 500000.0, 123.971
6448.71794872, 44.8526315789, 500000.0, 130.594
6448.71794872, 47.4263157895, 500000.0, 136.371
6448.71794872, 50.0, 500000.0, 141.387
6820.51282051, 1.1, 500000.0, 0
6820.51282051, 3.67368421053, 500000.0, 125.862
6820.51282051, 6.24736842105, 500000.0, 118.609
6820.51282051, 8.82105263158, 500000.0, 0
6820.51282051, 11.3947368421, 500000.0, 116.282
6820.51282051, 13.9684210526, 500000.0, 116.636
6820.51282051, 16.5421052632, 500000.0, 126.974
6820.51282051, 19.1157894737, 500000.0, 0
6820.51282051, 21.6894736842, 500000.0, 0
6820.51282051, 24.2631578947, 500000.0, 0
6820.51282051, 26.8368421053, 500000.0, 0
6820.51282051, 29.4105263158, 500000.0, 0
6820.51282051, 31.9842105263, 500000.0, 78.2589
6820.51282051, 34.5578947368, 500000.0, 89.069
6820.51282051, 37.1315789474, 500000.0, 100.359
6820.51282051, 39.7052631579, 500000.0, 110.824
6820.51282051, 42.2789473684, 500000.0, 120.172
6820.51282051, 44.8526315789, 500000.0, 128.418
6820.51282051, 47.4263157895, 500000.0, 135.657
6820.51282051, 50.0, 500000.0, 141.998
7192.30769231, 1.1, 500000.0, 0
7192.30769231, 3.67368421053, 500000.0, 127.164
7192.30769231, 6.24736842105, 500000.0, 119.114
7192.30769231, 8.82105263158, 500000.0, 117.641
7192.30769231, 11.3947368421, 500000.0, 116.308
7192.30769231, 13.9684210526, 500000.0, 115.884
7192.30769231, 16.5421052632, 500000.0, 122.004
7192.30769231, 19.1157894737, 500000.0, 0
7192.30769231, 21.6894736842, 500000.0, 0
7192.30769231, 24.2631578947, 500000.0, 0
7192.30769231, 26.8368421053, 500000.0, 0
7192.30769231, 29.4105263158, 500000.0, 0
7192.30769231, 31.9842105263, 500000.0, 0
7192.30769231, 34.5578947368, 500000.0, 76.9765
7192.30769231, 37.1315789474, 500000.0, 90.2606
7192.30769231, 39.7052631579, 500000.0, 102.956
7192.30769231, 42.2789473684, 500000.0, 114.353
7192.30769231, 44.8526315789, 500000.0, 124.412
7192.30769231, 47.4263157895, 500000.0, 133.256
7192.30769231, 50.0, 500000.0, 141.031
7564.1025641, 1.1, 500000.0, 0
7564.1025641, 3.67368421053, 500000.0, 128.419
7564.1025641, 6.24736842105, 500000.0, 119.608
7564.1025641, 8.82105263158, 500000.0, 117.923
7564.1025641, 11.3947368421, 500000.0, 0
7564.1025641, 13.9684210526, 500000.0, 115.396
7564.1025641, 16.5421052632, 500000.0, 118.949
7564.1025641, 19.1157894737, 500000.0, 0
7564.1025641, 21.6894736842, 500000.0, 0
7564.1025641, 24.2631578947, 500000.0, 0
7564.1025641, 26.8368421053, 500000.0, 0
7564.1025641, 29.4105263158, 500000.0, 0
7564.1025641, 31.9842105263, 500000.0, 0
7564.1025641, 34.5578947368, 500000.0, 0
7564.1025641, 37.1315789474, 500000.0, 77.038
7564.1025641, 39.7052631579, 500000.0, 92.4068
7564.1025641, 42.2789473684, 500000.0, 106.256
7564.1025641, 44.8526315789, 500000.0, 118.42
7564.1025641, 47.4263157895, 500000.0, 129.071
7564.1025641, 50.0, 500000.0, 138.424
7935.8974359, 1.1, 500000.0, 0
7935.8974359, 3.67368421053, 500000.0, 129.63
7935.8974359, 6.24736842105, 500000.0, 120.091
7935.8974359, 8.82105263158, 500000.0, 118.208
7935.8974359, 11.3947368421, 500000.0, 0
7935.8974359, 13.9684210526, 500000.0, 115.081
7935.8974359, 16.5421052632, 500000.0, 116.931
7935.8974359, 19.1157894737, 500000.0, 0
7935.8974359, 21.6894736842, 500000.0, 0
7935.8974359, 24.2631578947, 500000.0, 0
7935.8974359, 26.8368421053, 500000.0, 0
7935.8974359, 29.4105263158, 500000.0, 0
7935.8974359, 31.9842105263, 500000.0, 0
7935.8974359, 34.5578947368, 500000.0, 0
7935.8974359, 37.1315789474, 500000.0, 0
7935.8974359, 39.7052631579, 500000.0, 78.4112
7935.8974359, 42.2789473684, 500000.0, 95.4273
7935.8974359, 44.8526315789, 500000.0, 110.177
7935.8974359, 47.4263157895, 500000.0, 122.948
7935.8974359, 50.0, 500000.0, 134.084
8307.69230769, 1.1, 500000.0, 0
8307.69230769, 3.67368421053, 500000.0, 130.798
8307.69230769, 6.24736842105, 500000.0, 120.564
8307.69230769, 8.82105263158, 500000.0, 118.494
8307.69230769, 11.3947368421, 500000.0, 116.639
8307.69230769, 13.9684210526, 500000.0, 114.884
8307.69230769, 16.5421052632, 500000.0, 115.526
8307.69230769, 19.1157894737, 500000.0, 0
8307.69230769, 21.6894736842, 500000.0, 0
8307.69230769, 24.2631578947, 500000.0, 0
8307.69230769, 26.8368421053, 500000.0, 0
8307.69230769, 29.4105263158, 500000.0, 0
8307.69230769, 31.9842105263, 500000.0, 0
8307.69230769, 34.5578947368, 500000.0, 0
8307.69230769, 37.1315789474, 500000.0, 0
8307.69230769, 39.7052631579, 500000.0, 59.6949
8307.69230769, 42.2789473684, 500000.0, 80.9917
8307.69230769, 44.8526315789, 500000.0, 99.2144
8307.69230769, 47.4263157895, 500000.0, 114.627
8307.69230769, 50.0, 500000.0, 127.864
8679.48717949, 1.1, 500000.0, 0
8679.48717949, 3.67368421053, 500000.0, 131.925
8679.48717949, 6.24736842105, 500000.0, 121.026
8679.48717949, 8.82105263158, 500000.0, 118.778
8679.48717949, 11.3947368421, 500000.0, 116.796
8679.48717949, 13.9684210526, 500000.0, 114.773
8679.48717949, 16.5421052632, 500000.0, 114.518
8679.48717949, 19.1157894737, 500000.0, 0
8679.48717949, 21.6894736842, 500000.0, 0
8679.48717949, 24.2631578947, 500000.0, 0
8679.48717949, 26.8368421053, 500000.0, 0
8679.48717949, 29.4105263158, 500000.0, 0
8679.48717949, 31.9842105263, 500000.0, 0
8679.48717949, 34.5578947368, 500000.0, 0
8679.48717949, 37.1315789474, 500000.0, 0
8679.48717949, 39.7052631579, 500000.0, 0
8679.48717949, 42.2789473684, 500000.0, 61.0885
8679.48717949, 44.8526315789, 500000.0, 84.6212
8679.48717949, 47.4263157895, 500000.0, 103.647
8679.48717949, 50.0, 500000.0, 119.517
9051.28205128, 1.1, 500000.0, 0
9051.28205128, 3.67368421053, 500000.0, 133.014
9051.28205128, 6.24736842105, 500000.0, 121.477
9051.28205128, 8.82105263158, 500000.0, 119.059
9051.28205128, 11.3947368421, 500000.0, 116.965
9051.28205128, 13.9684210526, 500000.0, 114.723
9051.28205128, 16.5421052632, 500000.0, 113.78
9051.28205128, 19.1157894737, 500000.0, 0
9051.28205128, 21.6894736842, 500000.0, 0
9051.28205128, 24.2631578947, 500000.0, 0
9051.28205128, 26.8368421053, 500000.0, 0
9051.28205128, 29.4105263158, 500000.0, 0
9051.28205128, 31.9842105263, 500000.0, 0
9051.28205128, 34.5578947368, 500000.0, 0
9051.28205128, 37.1315789474, 500000.0, 0
9051.28205128, 39.7052631579, 500000.0, 0
9051.28205128, 42.2789473684, 500000.0, 0
9051.28205128, 44.8526315789, 500000.0, 64.3402
9051.28205128, 47.4263157895, 500000.0, 89.1156
9051.28205128, 50.0, 500000.0, 108.606
9423.07692308, 1.1, 500000.0, 0
9423.07692308, 3.67368421053, 500000.0, 134.066
9423.07692308, 6.24736842105, 500000.0, 121.918
9423.07692308, 8.82105263158, 500000.0, 119.338
9423.07692308, 11.3947368421, 500000.0, 117.144
9423.07692308, 13.9684210526, 500000.0, 114.719
9423.07692308, 16.5421052632, 500000.0, 113.234
9423.07692308, 19.1157894737, 500000.0, 0
9423.07692308, 21.6894736842, 500000.0, 0
9423.07692308, 24.2631578947, 500000.0, 0
9423.07692308, 26.8368421053, 500000.0, 0
9423.07692308, 29.4105263158, 500000.0, 0
9423.07692308, 31.9842105263, 500000.0, 0
9423.07692308, 34.5578947368, 500000.0, 0
9423.07692308, 37.1315789474, 500000.0, 0
9423.07692308, 39.7052631579, 500000.0, 0
9423.07692308, 42.2789473684, 500000.0, 0
9423.07692308, 44.8526315789, 500000.0, 0
9423.07692308, 47.4263157895, 500000.0, 69.0095
9423.07692308, 50.0, 500000.0, 94.2904
9794.87179487, 1.1, 500000.0, 0
9794.87179487, 3.67368421053, 500000.0, 135.084
9794.87179487, 6.24736842105, 500000.0, 122.348
9794.87179487, 8.82105263158, 500000.0, 119.612
9794.87179487, 11.3947368421, 500000.0, 117.328
9794.87179487, 13.9684210526, 500000.0, 114.749
9794.87179487, 16.5421052632, 500000.0, 112.828
9794.87179487, 19.1157894737, 500000.0, 0
9794.87179487, 21.6894736842, 500000.0, 0
9794.87179487, 24.2631578947, 500000.0, 0
9794.87179487, 26.8368421053, 500000.0, 0
9794.87179487, 29.4105263158, 500000.0, 0
9794.87179487, 31.9842105263, 500000.0, 0
9794.87179487, 34.5578947368, 500000.0, 0
9794.87179487, 37.1315789474, 500000.0, 0
9794.87179487, 39.7052631579, 500000.0, 0
9794.87179487, 42.2789473684, 500000.0, 0
9794.87179487, 44.8526315789, 500000.0, 0
9794.87179487, 47.4263157895, 500000.0, 0
9794.87179487, 50.0, 500000.0, 74.7103
10166.6666667, 1.1, 500000.0, 0
10166.6666667, 3.67368421053, 500000.0, 136.069
10166.6666667, 6.24736842105, 500000.0, 122.769
10166.6666667, 8.82105263158, 500000.0, 119.883
10166.6666667, 11.3947368421, 500000.0, 117.517
10166.6666667, 13.9684210526, 500000.0, 114.807
10166.6666667, 16.5421052632, 500000.0, 112.528
10166.6666667, 19.1157894737, 500000.0, 113.916
10166.6666667, 21.6894736842, 500000.0, 0
10166.6666667, 24.2631578947, 500000.0, 0
10166.6666667, 26.8368421053, 500000.0, 0
10166.6666667, 29.4105263158, 500000.0, 0
10166.6666667, 31.9842105263, 500000.0, 0
10166.6666667, 34.5578947368, 500000.0, 0
10166.6666667, 37.1315789474, 500000.0, 0
10166.6666667, 39.7052631579, 500000.0, 0
10166.6666667, 42.2789473684, 500000.0, 0
10166.6666667, 44.8526315789, 500000.0, 0
10166.6666667, 47.4263157895, 500000.0, 0
10166.6666667, 50.0, 500000.0, 0
10538.4615385, 1.1, 500000.0, 0
10538.4615385, 3.67368421053, 500000.0, 137.022
10538.4615385, 6.24736842105, 500000.0, 123.18
10538.4615385, 8.82105263158, 500000.0, 0
10538.4615385, 11.3947368421, 500000.0, 117.709
10538.4615385, 13.9684210526, 500000.0, 114.885
10538.4615385, 16.5421052632, 500000.0, 112.308
10538.4615385, 19.1157894737, 500000.0, 112.734
10538.4615385, 21.6894736842, 500000.0, 0
10538.4615385, 24.2631578947, 500000.0, 0
10538.4615385, 26.8368421053, 500000.0, 0
10538.4615385, 29.4105263158, 500000.0, 0
10538.4615385, 31.9842105263, 500000.0, 0
10538.4615385, 34.5578947368, 500000.0, 0
10538.4615385, 37.1315789474, 500000.0, 0
10538.4615385, 39.7052631579, 500000.0, 0
10538.4615385, 42.2789473684, 500000.0, 0
10538.4615385, 44.8526315789, 500000.0, 0
10538.4615385, 47.4263157895, 500000.0, 0
10538.4615385, 50.0, 500000.0, 0
10910.2564103, 1.1, 500000.0, 0
10910.2564103, 3.67368421053, 500000.0, 137.945
10910.2564103, 6.24736842105, 500000.0, 0
10910.2564103, 8.82105263158, 500000.0, 120.41
10910.2564103, 11.3947368421, 500000.0, 117.902
10910.2564103, 13.9684210526, 500000.0, 0
10910.2564103, 16.5421052632, 500000.0, 112.151
10910.2564103, 19.1157894737, 500000.0, 111.795
10910.2564103, 21.6894736842, 500000.0, 0
10910.2564103, 24.2631578947, 500000.0, 0
10910.2564103, 26.8368421053, 500000.0, 0
10910.2564103, 29.4105263158, 500000.0, 0
10910.2564103, 31.9842105263, 500000.0, 0
10910.2564103, 34.5578947368, 500000.0, 0
10910.2564103, 37.1315789474, 500000.0, 0
10910.2564103, 39.7052631579, 500000.0, 0
10910.2564103, 42.2789473684, 500000.0, 0
10910.2564103, 44.8526315789, 500000.0, 0
10910.2564103, 47.4263157895, 500000.0, 0
10910.2564103, 50.0, 500000.0, 0
11282.0512821, 1.1, 500000.0, 0
11282.0512821, 3.67368421053, 500000.0, 138.839
11282.0512821, 6.24736842105, 500000.0, 123.975
11282.0512821, 8.82105263158, 500000.0, 0
11282.0512821, 11.3947368421, 500000.0, 0
11282.0512821, 13.9684210526, 500000.0, 0
11282.0512821, 16.5421052632, 500000.0, 112.044
11282.0512821, 19.1157894737, 500000.0, 111.038
11282.0512821, 21.6894736842, 500000.0, 0
11282.0512821, 24.2631578947, 500000.0, 0
11282.0512821, 26.8368421053, 500000.0, 0
11282.0512821, 29.4105263158, 500000.0, 0
11282.0512821, 31.9842105263, 500000.0, 0
11282.0512821, 34.5578947368, 500000.0, 0
11282.0512821, 37.1315789474, 500000.0, 0
11282.0512821, 39.7052631579, 500000.0, 0
11282.0512821, 42.2789473684, 500000.0, 0
11282.0512821, 44.8526315789, 500000.0, 0
11282.0512821, 47.4263157895, 500000.0, 0
11282.0512821, 50.0, 500000.0, 0
11653.8461538, 1.1, 500000.0, 0
11653.8461538, 3.67368421053, 500000.0, 139.706
11653.8461538, 6.24736842105, 500000.0, 0
11653.8461538, 8.82105263158, 500000.0, 120.92
11653.8461538, 11.3947368421, 500000.0, 118.288
11653.8461538, 13.9684210526, 500000.0, 115.203
11653.8461538, 16.5421052632, 500000.0, 111.976
11653.8461538, 19.1157894737, 500000.0, 110.421
11653.8461538, 21.6894736842, 500000.0, 0
11653.8461538, 24.2631578947, 500000.0, 0
11653.8461538, 26.8368421053, 500000.0, 0
11653.8461538, 29.4105263158, 500000.0, 0
11653.8461538, 31.9842105263, 500000.0, 0
11653.8461538, 34.5578947368, 500000.0, 0
11653.8461538, 37.1315789474, 500000.0, 0
11653.8461538, 39.7052631579, 500000.0, 0
11653.8461538, 42.2789473684, 500000.0, 0
11653.8461538, 44.8526315789, 500000.0, 0
11653.8461538, 47.4263157895, 500000.0, 0
11653.8461538, 50.0, 500000.0, 0
12025.6410256, 1.1, 500000.0, 0
12025.6410256, 3.67368421053, 500000.0, 140.548
12025.6410256, 6.24736842105, 500000.0, 124.734
12025.6410256, 8.82105263158, 500000.0, 121.168
12025.6410256, 11.3947368421, 500000.0, 118.481
12025.6410256, 13.9684210526, 500000.0, 0
12025.6410256, 16.5421052632, 500000.0, 111.941
12025.6410256, 19.1157894737, 500000.0, 109.914
12025.6410256, 21.6894736842, 500000.0, 0
12025.6410256, 24.2631578947, 500000.0, 0
12025.6410256, 26.8368421053, 500000.0, 0
12025.6410256, 29.4105263158, 500000.0, 0
12025.6410256, 31.9842105263, 500000.0, 0
12025.6410256, 34.5578947368, 500000.0, 0
12025.6410256, 37.1315789474, 500000.0, 0
12025.6410256, 39.7052631579, 500000.0, 0
12025.6410256, 42.2789473684, 500000.0, 0
12025.6410256, 44.8526315789, 500000.0, 0
12025.6410256, 47.4263157895, 500000.0, 0
12025.6410256, 50.0, 500000.0, 0
12397.4358974, 1.1, 500000.0, 0
12397.4358974, 3.67368421053, 500000.0, 141.364
12397.4358974, 6.24736842105, 500000.0, 125.102
12397.4358974, 8.82105263158, 500000.0, 121.412
12397.4358974, 11.3947368421, 500000.0, 118.672
12397.4358974, 13.9684210526, 500000.0, 115.459
12397.4358974, 16.5421052632, 500000.0, 111.932
12397.4358974, 19.1157894737, 500000.0, 109.521
12397.4358974, 21.6894736842, 500000.0, 0
12397.4358974, 24.2631578947, 500000.0, 0
12397.4358974, 26.8368421053, 500000.0, 0
12397.4358974, 29.4105263158, 500000.0, 0
12397.4358974, 31.9842105263, 500000.0, 0
12397.4358974, 34.5578947368, 500000.0, 0
12397.4358974, 37.1315789474, 500000.0, 0
12397.4358974, 39.7052631579, 500000.0, 0
12397.4358974, 42.2789473684, 500000.0, 0
12397.4358974, 44.8526315789, 500000.0, 0
12397.4358974, 47.4263157895, 500000.0, 0
12397.4358974, 50.0, 500000.0, 0
12769.2307692, 1.1, 500000.0, 0
12769.2307692, 3.67368421053, 500000.0, 142.156
12769.2307692, 6.24736842105, 500000.0, 0
12769.2307692, 8.82105263158, 500000.0, 121.651
12769.2307692, 11.3947368421, 500000.0, 118.862
12769.2307692, 13.9684210526, 500000.0, 115.594
12769.2307692, 16.5421052632, 500000.0, 111.944
12769.2307692, 19.1157894737, 500000.0, 0
12769.2307692, 21.6894736842, 500000.0, 0
12769.2307692, 24.2631578947, 500000.0, 0
12769.2307692, 26.8368421053, 500000.0, 0
12769.2307692, 29.4105263158, 500000.0, 0
12769.2307692, 31.9842105263, 500000.0, 0
12769.2307692, 34.5578947368, 500000.0, 0
12769.2307692, 37.1315789474, 500000.0, 0
12769.2307692, 39.7052631579, 500000.0, 0
12769.2307692, 42.2789473684, 500000.0, 0
12769.2307692, 44.8526315789, 500000.0, 0
12769.2307692, 47.4263157895, 500000.0, 0
12769.2307692, 50.0, 500000.0, 0
13141.025641, 1.1, 500000.0, 0
13141.025641, 3.67368421053, 500000.0, 142.926
13141.025641, 6.24736842105, 500000.0, 125.813
13141.025641, 8.82105263158, 500000.0, 121.885
13141.025641, 11.3947368421, 500000.0, 119.05
13141.025641, 13.9684210526, 500000.0, 115.733
13141.025641, 16.5421052632, 500000.0, 111.974
13141.025641, 19.1157894737, 500000.0, 108.926
13141.025641, 21.6894736842, 500000.0, 0
13141.025641, 24.2631578947, 500000.0, 0
13141.025641, 26.8368421053, 500000.0, 0
13141.025641, 29.4105263158, 500000.0, 0
13141.025641, 31.9842105263, 500000.0, 0
13141.025641, 34.5578947368, 500000.0, 0
13141.025641, 37.1315789474, 500000.0, 0
13141.025641, 39.7052631579, 500000.0, 0
13141.025641, 42.2789473684, 500000.0, 0
13141.025641, 44.8526315789, 500000.0, 0
13141.025641, 47.4263157895, 500000.0, 0
13141.025641, 50.0, 500000.0, 0
13512.8205128, 1.1, 500000.0, 0
13512.8205128, 3.67368421053, 500000.0, 143.673
13512.8205128, 6.24736842105, 500000.0, 126.158
13512.8205128, 8.82105263158, 500000.0, 122.116
13512.8205128, 11.3947368421, 500000.0, 119.236
13512.8205128, 13.9684210526, 500000.0, 115.875
13512.8205128, 16.5421052632, 500000.0, 112.019
13512.8205128, 19.1157894737, 500000.0, 108.709
13512.8205128, 21.6894736842, 500000.0, 0
13512.8205128, 24.2631578947, 500000.0, 0
13512.8205128, 26.8368421053, 500000.0, 0
13512.8205128, 29.4105263158, 500000.0, 0
13512.8205128, 31.9842105263, 500000.0, 0
13512.8205128, 34.5578947368, 500000.0, 0
13512.8205128, 37.1315789474, 500000.0, 0
13512.8205128, 39.7052631579, 500000.0, 0
13512.8205128, 42.2789473684, 500000.0, 0
13512.8205128, 44.8526315789, 500000.0, 0
13512.8205128, 47.4263157895, 500000.0, 0
13512.8205128, 50.0, 500000.0, 0
13884.6153846, 1.1, 500000.0, 0
13884.6153846, 3.67368421053, 500000.0, 144.4
13884.6153846, 6.24736842105, 500000.0, 126.496
13884.6153846, 8.82105263158, 500000.0, 122.342
13884.6153846, 11.3947368421, 500000.0, 119.421
13884.6153846, 13.9684210526, 500000.0, 116.019
13884.6153846, 16.5421052632, 500000.0, 112.077
13884.6153846, 19.1157894737, 500000.0, 108.534
13884.6153846, 21.6894736842, 500000.0, 0
13884.6153846, 24.2631578947, 500000.0, 0
13884.6153846, 26.8368421053, 500000.0, 0
13884.6153846, 29.4105263158, 500000.0, 0
13884.6153846, 31.9842105263, 500000.0, 0
13884.6153846, 34.5578947368, 500000.0, 0
13884.6153846, 37.1315789474, 500000.0, 0
13884.6153846, 39.7052631579, 500000.0, 0
13884.6153846, 42.2789473684, 500000.0, 0
13884.6153846, 44.8526315789, 500000.0, 0
13884.6153846, 47.4263157895, 500000.0, 0
13884.6153846, 50.0, 500000.0, 0
14256.4102564, 1.1, 500000.0, 0
14256.4102564, 3.67368421053, 500000.0, 145.107
14256.4102564, 6.24736842105, 500000.0, 126.827
14256.4102564, 8.82105263158, 500000.0, 122.564
14256.4102564, 11.3947368421, 500000.0, 119.603
14256.4102564, 13.9684210526, 500000.0, 116.164
14256.4102564, 16.5421052632, 500000.0, 112.144
14256.4102564, 19.1157894737, 500000.0, 108.395
14256.4102564, 21.6894736842, 500000.0, 0
14256.4102564, 24.2631578947, 500000.0, 0
14256.4102564, 26.8368421053, 500000.0, 0
14256.4102564, 29.4105263158, 500000.0, 0
14256.4102564, 31.9842105263, 500000.0, 0
14256.4102564, 34.5578947368, 500000.0, 0
14256.4102564, 37.1315789474, 500000.0, 0
14256.4102564, 39.7052631579, 500000.0, 0
14256.4102564, 42.2789473684, 500000.0, 0
14256.4102564, 44.8526315789, 500000.0, 0
14256.4102564, 47.4263157895, 500000.0, 0
14256.4102564, 50.0, 500000.0, 0
14628.2051282, 1.1, 500000.0, 0
14628.2051282, 3.67368421053, 500000.0, 145.794
14628.2051282, 6.24736842105, 500000.0, 127.151
14628.2051282, 8.82105263158, 500000.0, 122.782
14628.2051282, 11.3947368421, 500000.0, 119.782
14628.2051282, 13.9684210526, 500000.0, 116.31
14628.2051282, 16.5421052632, 500000.0, 112.221
14628.2051282, 19.1157894737, 500000.0, 108.287
14628.2051282, 21.6894736842, 500000.0, 0
14628.2051282, 24.2631578947, 500000.0, 0
14628.2051282, 26.8368421053, 500000.0, 0
14628.2051282, 29.4105263158, 500000.0, 0
14628.2051282, 31.9842105263, 500000.0, 0
14628.2051282, 34.5578947368, 500000.0, 0
14628.2051282, 37.1315789474, 500000.0, 0
14628.2051282, 39.7052631579, 500000.0, 0
14628.2051282, 42.2789473684, 500000.0, 0
14628.2051282, 44.8526315789, 500000.0, 0
14628.2051282, 47.4263157895, 500000.0, 0
14628.2051282, 50.0, 500000.0, 0
15000.0, 1.1, 500000.0, 0
15000.0, 3.67368421053, 500000.0, 0
15000.0, 6.24736842105, 500000.0, 127.469
15000.0, 8.82105263158, 500000.0, 122.996
15000.0, 11.3947368421, 500000.0, 119.96
15000.0, 13.9684210526, 500000.0, 116.457
15000.0, 16.5421052632, 500000.0, 112.305
15000.0, 19.1157894737, 500000.0, 108.204
15000.0, 21.6894736842, 500000.0, 0
15000.0, 24.2631578947, 500000.0, 0
15000.0, 26.8368421053, 500000.0, 0
