300.0, 90000.0, 10.0, 0.0, 0, 0
422.784810127, 90000.0, 10.0, 0.0, 0, 0
545.569620253, 90000.0, 10.0, 0.0, 0, 0
668.35443038, 90000.0, 10.0, 0.0, 0, 0
791.139240506, 90000.0, 10.0, 0.0, 0, 0
913.924050633, 90000.0, 10.0, 0.0, 0, 0
1036.70886076, 90000.0, 10.0, 0.0, 0, 0
1159.49367089, 90000.0, 10.0, 0.0, 0, 0
1282.27848101, 90000.0, 10.0, 0.0, 0, 0
1405.06329114, 90000.0, 10.0, 0.0, 0, 0
1527.84810127, 90000.0, 10.0, 0.0, 0, 0
1650.63291139, 90000.0, 10.0, 0.0, 0, 0
1773.41772152, 90000.0, 10.0, 0.0, 0, 0
1896.20253165, 90000.0, 10.0, 0.0, 0, 0
2018.98734177, 90000.0, 10.0, 0.0, 0, 0
2141.7721519, 90000.0, 10.0, 0.0, 0, 0
2264.55696203, 90000.0, 10.0, 0.0, 0, 0
2387.34177215, 90000.0, 10.0, 0.0, 0, 0
2510.12658228, 90000.0, 10.0, 0.0, 0, 0
2632.91139241, 90000.0, 10.0, 0.0, 0, 0
2755.69620253, 90000.0, 10.0, 0.0, 0, 0
2878.48101266, 90000.0, 10.0, 0.0, 0, 0
3001.26582278, 90000.0, 10.0, 0.0, 0, 0
3124.05063291, 90000.0, 10.0, 0.0, 0, 0
3246.83544304, 90000.0, 10.0, 0.0, 0, 0
3369.62025316, 90000.0, 10.0, 0.0, 0, 0
3492.40506329, 90000.0, 10.0, 0.0, 0, 0
3615.18987342, 90000.0, 10.0, 0.0, 0, 0
3737.97468354, 90000.0, 10.0, 0.0, 0, 0
3860.75949367, 90000.0, 10.0, 0.0, 0, 0
3983.5443038, 90000.0, 10.0, 0.0, 0, 0
4106.32911392, 90000.0, 10.0, 0.0, 0, 0
4229.11392405, 90000.0, 10.0, 0.0, 0, 0
4351.89873418, 90000.0, 10.0, 0.0, 0, 0
4474.6835443, 90000.0, 10.0, 0.0, 0, 0
4597.46835443, 90000.0, 10.0, 0.0, 0, 0
4720.25316456, 90000.0, 10.0, 0.0, 0, 0
4843.03797468, 90000.0, 10.0, 0.0, 0, 0
4965.82278481, 90000.0, 10.0, 0.0, 0, 0
5088.60759494, 90000.0, 10.0, 0.0, 0, 0
5211.39240506, 90000.0, 10.0, 0.0, 0, 0
5334.17721519, 90000.0, 10.0, 0.0, 0, 0
5456.96202532, 90000.0, 10.0, 0.0, 0, 0
5579.74683544, 90000.0, 10.0, 0.0, 0, 0
5702.53164557, 90000.0, 10.0, 0.0, 0, 0
5825.3164557, 90000.0, 10.0, 0.0, 0, 0
5948.10126582, 90000.0, 10.0, 0.0, 0, 0
6070.88607595, 90000.0, 10.0, 0.0, 0, 0
6193.67088608, 90000.0, 10.0, 0.0, 0, 0
6316.4556962, 90000.0, 10.0, 0.0, 0, 0
6439.24050633, 90000.0, 10.0, 0.0, 0, 0
6562.02531646, 90000.0, 10.0, 0.0, 0, 0
6684.81012658, 90000.0, 10.0, 0.0, 0, 0
6807.59493671, 90000.0, 10.0, 0.0, 0, 0
6930.37974684, 90000.0, 10.0, 0.0, 0, 0
7053.16455696, 90000.0, 10.0, 0.0, 0, 0
7175.94936709, 90000.0, 10.0, 0.0, 0, 0
7298.73417722, 90000.0, 10.0, 0.0, 0, 0
7421.51898734, 90000.0, 10.0, 0.0, 0, 0
7544.30379747, 90000.0, 10.0, 0.0, 0, 0
7667.08860759, 90000.0, 10.0, 0.0, 0, 0
7789.87341772, 90000.0, 10.0, 0.0, 0, 0
7912.65822785, 90000.0, 10.0, 0.0, 0, 0
8035.44303797, 90000.0, 10.0, 0.0, 0, 0
8158.2278481, 90000.0, 10.0, 0.0, 0, 0
8281.01265823, 90000.0, 10.0, 0.0, 0, 0
8403.79746835, 90000.0, 10.0, 0.0, 0, 0
8526.58227848, 90000.0, 10.0, 0.0, 0, 0
8649.36708861, 90000.0, 10.0, 0.0, 0, 0
8772.15189873, 90000.0, 10.0, 0.0, 0, 0
8894.93670886, 90000.0, 10.0, 0.0, 0, 0
9017.72151899, 90000.0, 10.0, 0.0, 0, 0
9140.50632911, 90000.0, 10.0, 0.0, 0, 0
9263.29113924, 90000.0, 10.0, 0.0, 0, 0
9386.07594937, 90000.0, 10.0, 0.0, 0, 0
9508.86075949, 90000.0, 10.0, 0.0, 0, 0
9631.64556962, 90000.0, 10.0, 0.0, 0, 0
9754.43037975, 90000.0, 10.0, 0.0, 0, 0
9877.21518987, 90000.0, 10.0, 0.0, 0, 0
10000.0, 90000.0, 10.0, 0.0, 0, 0
