300.0, 90000.0, 10.0, 0.0, 93.4544, 9.82675745E+01
422.784810127, 90000.0, 10.0, 0.0, 99.9811, 1.01105857E+02
545.569620253, 90000.0, 10.0, 0.0, 103.001, 0
668.35443038, 90000.0, 10.0, 0.0, 105.027, 0
791.139240506, 90000.0, 10.0, 0.0, 106.564, 0
913.924050633, 90000.0, 10.0, 0.0, 107.827, 0
1036.70886076, 90000.0, 10.0, 0.0, 108.976, 0
1159.49367089, 90000.0, 10.0, 0.0, 110.126, 0
1282.27848101, 90000.0, 10.0, 0.0, 111.41, 0
1405.06329114, 90000.0, 10.0, 0.0, 112.887, 0
1527.84810127, 90000.0, 10.0, 0.0, 113.89, 0
1650.63291139, 90000.0, 10.0, 0.0, 113.171, 0
1773.41772152, 90000.0, 10.0, 0.0, 113.342, 0
1896.20253165, 90000.0, 10.0, 0.0, 113.615, 0
2018.98734177, 90000.0, 10.0, 0.0, 113.908, 0
2141.7721519, 90000.0, 10.0, 0.0, 114.205, 0
2264.55696203, 90000.0, 10.0, 0.0, 114.491, 0
2387.34177215, 90000.0, 10.0, 0.0, 114.761, 0
2510.12658228, 90000.0, 10.0, 0.0, 115.031, 0
2632.91139241, 90000.0, 10.0, 0.0, 115.28, 0
2755.69620253, 90000.0, 10.0, 0.0, 115.526, 0
2878.48101266, 90000.0, 10.0, 0.0, 115.755, 0
3001.26582278, 90000.0, 10.0, 0.0, 115.981, 0
3124.05063291, 90000.0, 10.0, 0.0, 116.19, 0
3246.83544304, 90000.0, 10.0, 0.0, 116.389, 0
3369.62025316, 90000.0, 10.0, 0.0, 116.578, 0
3492.40506329, 90000.0, 10.0, 0.0, 116.762, 0
3615.18987342, 90000.0, 10.0, 0.0, 116.944, 0
3737.97468354, 90000.0, 10.0, 0.0, 117.114, 0
3860.75949367, 90000.0, 10.0, 0.0, 117.277, 0
3983.5443038, 90000.0, 10.0, 0.0, 117.436, 0
4106.32911392, 90000.0, 10.0, 0.0, 117.582, 0
4229.11392405, 90000.0, 10.0, 0.0, 117.734, 0
4351.89873418, 90000.0, 10.0, 0.0, 117.878, 0
4474.6835443, 90000.0, 10.0, 0.0, 118.013, 0
4597.46835443, 90000.0, 10.0, 0.0, 118.15, 0
4720.25316456, 90000.0, 10.0, 0.0, 118.278, 0
4843.03797468, 90000.0, 10.0, 0.0, 118.398, 0
4965.82278481, 90000.0, 10.0, 0.0, 118.519, 0
5088.60759494, 90000.0, 10.0, 0.0, 118.641, 0
5211.39240506, 90000.0, 10.0, 0.0, 118.74, 0
5334.17721519, 90000.0, 10.0, 0.0, 118.859, 0
5456.96202532, 90000.0, 10.0, 0.0, 118.973, 0
5579.74683544, 90000.0, 10.0, 0.0, 119.072, 0
5702.53164557, 90000.0, 10.0, 0.0, 119.179, 0
5825.3164557, 90000.0, 10.0, 0.0, 119.283, 0
5948.10126582, 90000.0, 10.0, 0.0, 0, 0
6070.88607595, 90000.0, 10.0, 0.0, 119.462, 0
6193.67088608, 90000.0, 10.0, 0.0, 119.552, 0
6316.4556962, 90000.0, 10.0, 0.0, 119.635, 0
6439.24050633, 90000.0, 10.0, 0.0, 119.73, 0
6562.02531646, 90000.0, 10.0, 0.0, 119.823, 0
6684.81012658, 90000.0, 10.0, 0.0, 119.885, 0
6807.59493671, 90000.0, 10.0, 0.0, 120.002, 0
6930.37974684, 90000.0, 10.0, 0.0, 120.064, 0
7053.16455696, 90000.0, 10.0, 0.0, 120.128, 0
7175.94936709, 90000.0, 10.0, 0.0, 0, 0
7298.73417722, 90000.0, 10.0, 0.0, 120.277, 0
7421.51898734, 90000.0, 10.0, 0.0, 120.376, 0
7544.30379747, 90000.0, 10.0, 0.0, 0, 0
7667.08860759, 90000.0, 10.0, 0.0, 0, 0
7789.87341772, 90000.0, 10.0, 0.0, 0, 0
7912.65822785, 90000.0, 10.0, 0.0, 120.662, 0
8035.44303797, 90000.0, 10.0, 0.0, 120.714, 0
8158.2278481, 90000.0, 10.0, 0.0, 120.756, 0
8281.01265823, 90000.0, 10.0, 0.0, 120.828, 0
8403.79746835, 90000.0, 10.0, 0.0, 120.917, 0
8526.58227848, 90000.0, 10.0, 0.0, 0, 0
8649.36708861, 90000.0, 10.0, 0.0, 121.052, 0
8772.15189873, 90000.0, 10.0, 0.0, 121.06, 0
8894.93670886, 90000.0, 10.0, 0.0, 121.11, 0
9017.72151899, 90000.0, 10.0, 0.0, 0, 0
9140.50632911, 90000.0, 10.0, 0.0, 0, 0
9263.29113924, 90000.0, 10.0, 0.0, 121.339, 0
9386.07594937, 90000.0, 10.0, 0.0, 121.386, 0
9508.86075949, 90000.0, 10.0, 0.0, 121.392, 0
9631.64556962, 90000.0, 10.0, 0.0, 0, 0
9754.43037975, 90000.0, 10.0, 0.0, 0, 0
9877.21518987, 90000.0, 10.0, 0.0, 0, 0
10000.0, 90000.0, 10.0, 0.0, 0, 0
