100.0, 0
119.377664171, 0
142.51026703, 0
170.125427985, 0
203.09176209, 0
242.446201708, 0
289.426612472, 0
345.510729459, 0
412.46263829, 0
492.388263171, 0
587.801607227, 0
701.70382867, 0
837.677640068, 0
1000.0, 0
1193.77664171, 0
1425.1026703, 0
1701.25427985, 0
2030.9176209, 0
2424.46201708, 0
2894.26612472, 126.852
3455.10729459, 0
4124.6263829, 0
4923.88263171, 0
5878.01607227, 0
7017.0382867, 125.95
8376.77640068, 119.824
10000.0, 163.297
11937.7664171, 0
14251.026703, 0
17012.5427985, 0
20309.176209, 0
24244.6201708, 0
28942.6612472, 0
34551.0729459, 0
41246.263829, 0
49238.8263171, 0
58780.1607227, 0
70170.382867, 0
83767.7640068, 0
100000.0, 0
