100.0, 10000.0, 0
100.0, 232373.438527, 0
100.0, 746673.241289, 0
100.0, 1552899.40828, 0
100.0, 2651051.93951, 0
100.0, 4041130.83498, 0
100.0, 5723136.09467, 0
100.0, 7697067.71861, 0
100.0, 9962925.70677, 0
100.0, 12520710.0592, 0
100.0, 15370420.7758, 0
100.0, 18512057.8567, 0
100.0, 21945621.3018, 0
100.0, 25671111.1111, 0
100.0, 29688527.2847, 0
100.0, 33997869.8225, 0
100.0, 38599138.7245, 0
100.0, 43492333.9908, 0
100.0, 48677455.6213, 0
100.0, 54154503.616, 0
100.0, 59923477.975, 0
100.0, 65984378.6982, 0
100.0, 72337205.7857, 0
100.0, 78981959.2373, 0
100.0, 85918639.0533, 0
100.0, 93147245.2334, 0
100.0, 100667777.778, 0
100.0, 108480236.686, 0
100.0, 116584621.959, 0
100.0, 124980933.596, 0
100.0, 133669171.598, 0
100.0, 142649335.963, 0
100.0, 151921426.693, 0
100.0, 161485443.787, 0
100.0, 171341387.245, 0
100.0, 181489257.068, 0
100.0, 191929053.254, 0
100.0, 202660775.805, 0
100.0, 213684424.721, 0
100.0, 225000000.0, 0
113.709620938, 10000.0, 0
113.709620938, 232373.438527, 0
113.709620938, 746673.241289, 0
113.709620938, 1552899.40828, 0
113.709620938, 2651051.93951, 0
113.709620938, 4041130.83498, 0
113.709620938, 5723136.09467, 0
113.709620938, 7697067.71861, 0
113.709620938, 9962925.70677, 0
113.709620938, 12520710.0592, 0
113.709620938, 15370420.7758, 0
113.709620938, 18512057.8567, 0
113.709620938, 21945621.3018, 0
113.709620938, 25671111.1111, 0
113.709620938, 29688527.2847, 0
113.709620938, 33997869.8225, 0
113.709620938, 38599138.7245, 0
113.709620938, 43492333.9908, 0
113.709620938, 48677455.6213, 0
113.709620938, 54154503.616, 0
113.709620938, 59923477.975, 0
113.709620938, 65984378.6982, 0
113.709620938, 72337205.7857, 0
113.709620938, 78981959.2373, 0
113.709620938, 85918639.0533, 0
113.709620938, 93147245.2334, 0
113.709620938, 100667777.778, 0
113.709620938, 108480236.686, 0
113.709620938, 116584621.959, 0
113.709620938, 124980933.596, 0
113.709620938, 133669171.598, 0
113.709620938, 142649335.963, 0
113.709620938, 151921426.693, 0
113.709620938, 161485443.787, 0
113.709620938, 171341387.245, 0
113.709620938, 181489257.068, 0
113.709620938, 191929053.254, 0
113.709620938, 202660775.805, 0
113.709620938, 213684424.721, 0
113.709620938, 225000000.0, 0
129.298778938, 10000.0, 0
129.298778938, 232373.438527, 0
129.298778938, 746673.241289, 0
129.298778938, 1552899.40828, 0
129.298778938, 2651051.93951, 0
129.298778938, 4041130.83498, 0
129.298778938, 5723136.09467, 0
129.298778938, 7697067.71861, 0
129.298778938, 9962925.70677, 0
129.298778938, 12520710.0592, 0
129.298778938, 15370420.7758, 0
129.298778938, 18512057.8567, 0
129.298778938, 21945621.3018, 0
129.298778938, 25671111.1111, 0
129.298778938, 29688527.2847, 0
129.298778938, 33997869.8225, 0
129.298778938, 38599138.7245, 0
129.298778938, 43492333.9908, 0
129.298778938, 48677455.6213, 0
129.298778938, 54154503.616, 0
129.298778938, 59923477.975, 0
129.298778938, 65984378.6982, 0
129.298778938, 72337205.7857, 0
129.298778938, 78981959.2373, 0
129.298778938, 85918639.0533, 0
129.298778938, 93147245.2334, 0
129.298778938, 100667777.778, 0
129.298778938, 108480236.686, 0
129.298778938, 116584621.959, 0
129.298778938, 124980933.596, 0
129.298778938, 133669171.598, 0
129.298778938, 142649335.963, 0
129.298778938, 151921426.693, 0
129.298778938, 161485443.787, 0
129.298778938, 171341387.245, 0
129.298778938, 181489257.068, 0
129.298778938, 191929053.254, 0
129.298778938, 202660775.805, 0
129.298778938, 213684424.721, 0
129.298778938, 225000000.0, 0
147.025151407, 10000.0, 0
147.025151407, 232373.438527, 0
147.025151407, 746673.241289, 0
147.025151407, 1552899.40828, 0
147.025151407, 2651051.93951, 0
147.025151407, 4041130.83498, 0
147.025151407, 5723136.09467, 0
147.025151407, 7697067.71861, 0
147.025151407, 9962925.70677, 0
147.025151407, 12520710.0592, 0
147.025151407, 15370420.7758, 0
147.025151407, 18512057.8567, 0
147.025151407, 21945621.3018, 0
147.025151407, 25671111.1111, 0
147.025151407, 29688527.2847, 0
147.025151407, 33997869.8225, 0
147.025151407, 38599138.7245, 0
147.025151407, 43492333.9908, 0
147.025151407, 48677455.6213, 0
147.025151407, 54154503.616, 0
147.025151407, 59923477.975, 0
147.025151407, 65984378.6982, 0
147.025151407, 72337205.7857, 0
147.025151407, 78981959.2373, 0
147.025151407, 85918639.0533, 0
147.025151407, 93147245.2334, 0
147.025151407, 100667777.778, 0
147.025151407, 108480236.686, 0
147.025151407, 116584621.959, 0
147.025151407, 124980933.596, 0
147.025151407, 133669171.598, 0
147.025151407, 142649335.963, 0
147.025151407, 151921426.693, 0
147.025151407, 161485443.787, 0
147.025151407, 171341387.245, 0
147.025151407, 181489257.068, 0
147.025151407, 191929053.254, 0
147.025151407, 202660775.805, 0
147.025151407, 213684424.721, 0
147.025151407, 225000000.0, 0
167.181742348, 10000.0, 0
167.181742348, 232373.438527, 0
167.181742348, 746673.241289, 0
167.181742348, 1552899.40828, 0
167.181742348, 2651051.93951, 0
167.181742348, 4041130.83498, 0
167.181742348, 5723136.09467, 0
167.181742348, 7697067.71861, 0
167.181742348, 9962925.70677, 0
167.181742348, 12520710.0592, 0
167.181742348, 15370420.7758, 0
167.181742348, 18512057.8567, 0
167.181742348, 21945621.3018, 0
167.181742348, 25671111.1111, 0
167.181742348, 29688527.2847, 0
167.181742348, 33997869.8225, 0
167.181742348, 38599138.7245, 0
167.181742348, 43492333.9908, 0
167.181742348, 48677455.6213, 0
167.181742348, 54154503.616, 0
167.181742348, 59923477.975, 0
167.181742348, 65984378.6982, 0
167.181742348, 72337205.7857, 0
167.181742348, 78981959.2373, 0
167.181742348, 85918639.0533, 0
167.181742348, 93147245.2334, 0
167.181742348, 100667777.778, 0
167.181742348, 108480236.686, 0
167.181742348, 116584621.959, 0
167.181742348, 124980933.596, 0
167.181742348, 133669171.598, 0
167.181742348, 142649335.963, 0
167.181742348, 151921426.693, 0
167.181742348, 161485443.787, 0
167.181742348, 171341387.245, 0
167.181742348, 181489257.068, 0
167.181742348, 191929053.254, 0
167.181742348, 202660775.805, 0
167.181742348, 213684424.721, 0
167.181742348, 225000000.0, 0
190.1017255, 10000.0, 0
190.1017255, 232373.438527, 0
190.1017255, 746673.241289, 0
190.1017255, 1552899.40828, 0
190.1017255, 2651051.93951, 0
190.1017255, 4041130.83498, 0
190.1017255, 5723136.09467, 0
190.1017255, 7697067.71861, 0
190.1017255, 9962925.70677, 0
190.1017255, 12520710.0592, 0
190.1017255, 15370420.7758, 0
190.1017255, 18512057.8567, 0
190.1017255, 21945621.3018, 0
190.1017255, 25671111.1111, 0
190.1017255, 29688527.2847, 0
190.1017255, 33997869.8225, 0
190.1017255, 38599138.7245, 0
190.1017255, 43492333.9908, 0
190.1017255, 48677455.6213, 0
190.1017255, 54154503.616, 0
190.1017255, 59923477.975, 0
190.1017255, 65984378.6982, 0
190.1017255, 72337205.7857, 0
190.1017255, 78981959.2373, 0
190.1017255, 85918639.0533, 0
190.1017255, 93147245.2334, 0
190.1017255, 100667777.778, 0
190.1017255, 108480236.686, 0
190.1017255, 116584621.959, 0
190.1017255, 124980933.596, 0
190.1017255, 133669171.598, 0
190.1017255, 142649335.963, 0
190.1017255, 151921426.693, 0
190.1017255, 161485443.787, 0
190.1017255, 171341387.245, 0
190.1017255, 181489257.068, 0
190.1017255, 191929053.254, 0
190.1017255, 202660775.805, 0
190.1017255, 213684424.721, 0
190.1017255, 225000000.0, 0
216.163951462, 10000.0, 0
216.163951462, 232373.438527, 0
216.163951462, 746673.241289, 0
216.163951462, 1552899.40828, 0
216.163951462, 2651051.93951, 0
216.163951462, 4041130.83498, 0
216.163951462, 5723136.09467, 0
216.163951462, 7697067.71861, 0
216.163951462, 9962925.70677, 0
216.163951462, 12520710.0592, 0
216.163951462, 15370420.7758, 0
216.163951462, 18512057.8567, 0
216.163951462, 21945621.3018, 0
216.163951462, 25671111.1111, 0
216.163951462, 29688527.2847, 0
216.163951462, 33997869.8225, 0
216.163951462, 38599138.7245, 0
216.163951462, 43492333.9908, 0
216.163951462, 48677455.6213, 0
216.163951462, 54154503.616, 0
216.163951462, 59923477.975, 0
216.163951462, 65984378.6982, 0
216.163951462, 72337205.7857, 0
216.163951462, 78981959.2373, 0
216.163951462, 85918639.0533, 0
216.163951462, 93147245.2334, 0
216.163951462, 100667777.778, 0
216.163951462, 108480236.686, 0
216.163951462, 116584621.959, 0
216.163951462, 124980933.596, 0
216.163951462, 133669171.598, 0
216.163951462, 142649335.963, 0
216.163951462, 151921426.693, 0
216.163951462, 161485443.787, 0
216.163951462, 171341387.245, 0
216.163951462, 181489257.068, 0
216.163951462, 191929053.254, 0
216.163951462, 202660775.805, 0
216.163951462, 213684424.721, 0
216.163951462, 225000000.0, 0
245.799209811, 10000.0, 0
245.799209811, 232373.438527, 0
245.799209811, 746673.241289, 0
245.799209811, 1552899.40828, 0
245.799209811, 2651051.93951, 0
245.799209811, 4041130.83498, 0
245.799209811, 5723136.09467, 0
245.799209811, 7697067.71861, 0
245.799209811, 9962925.70677, 0
245.799209811, 12520710.0592, 0
245.799209811, 15370420.7758, 0
245.799209811, 18512057.8567, 0
245.799209811, 21945621.3018, 0
245.799209811, 25671111.1111, 0
245.799209811, 29688527.2847, 0
245.799209811, 33997869.8225, 0
245.799209811, 38599138.7245, 0
245.799209811, 43492333.9908, 0
245.799209811, 48677455.6213, 0
245.799209811, 54154503.616, 0
245.799209811, 59923477.975, 0
245.799209811, 65984378.6982, 0
245.799209811, 72337205.7857, 0
245.799209811, 78981959.2373, 0
245.799209811, 85918639.0533, 0
245.799209811, 93147245.2334, 0
245.799209811, 100667777.778, 0
245.799209811, 108480236.686, 0
245.799209811, 116584621.959, 0
245.799209811, 124980933.596, 0
245.799209811, 133669171.598, 0
245.799209811, 142649335.963, 0
245.799209811, 151921426.693, 0
245.799209811, 161485443.787, 0
245.799209811, 171341387.245, 0
245.799209811, 181489257.068, 0
245.799209811, 191929053.254, 0
245.799209811, 202660775.805, 0
245.799209811, 213684424.721, 0
245.799209811, 225000000.0, 0
279.497349744, 10000.0, 0
279.497349744, 232373.438527, 0
279.497349744, 746673.241289, 0
279.497349744, 1552899.40828, 0
279.497349744, 2651051.93951, 0
279.497349744, 4041130.83498, 0
279.497349744, 5723136.09467, 0
279.497349744, 7697067.71861, 0
279.497349744, 9962925.70677, 0
279.497349744, 12520710.0592, 0
279.497349744, 15370420.7758, 0
279.497349744, 18512057.8567, 0
279.497349744, 21945621.3018, 0
279.497349744, 25671111.1111, 0
279.497349744, 29688527.2847, 0
279.497349744, 33997869.8225, 0
279.497349744, 38599138.7245, 0
279.497349744, 43492333.9908, 0
279.497349744, 48677455.6213, 0
279.497349744, 54154503.616, 0
279.497349744, 59923477.975, 0
279.497349744, 65984378.6982, 0
279.497349744, 72337205.7857, 0
279.497349744, 78981959.2373, 0
279.497349744, 85918639.0533, 0
279.497349744, 93147245.2334, 0
279.497349744, 100667777.778, 0
279.497349744, 108480236.686, 0
279.497349744, 116584621.959, 0
279.497349744, 124980933.596, 0
279.497349744, 133669171.598, 0
279.497349744, 142649335.963, 0
279.497349744, 151921426.693, 0
279.497349744, 161485443.787, 0
279.497349744, 171341387.245, 0
279.497349744, 181489257.068, 0
279.497349744, 191929053.254, 0
279.497349744, 202660775.805, 0
279.497349744, 213684424.721, 0
279.497349744, 225000000.0, 0
317.815376925, 10000.0, 92.7394
317.815376925, 232373.438527, 0
317.815376925, 746673.241289, 0
317.815376925, 1552899.40828, 0
317.815376925, 2651051.93951, 0
317.815376925, 4041130.83498, 0
317.815376925, 5723136.09467, 0
317.815376925, 7697067.71861, 0
317.815376925, 9962925.70677, 0
317.815376925, 12520710.0592, 0
317.815376925, 15370420.7758, 0
317.815376925, 18512057.8567, 0
317.815376925, 21945621.3018, 0
317.815376925, 25671111.1111, 0
317.815376925, 29688527.2847, 0
317.815376925, 33997869.8225, 0
317.815376925, 38599138.7245, 0
317.815376925, 43492333.9908, 0
317.815376925, 48677455.6213, 0
317.815376925, 54154503.616, 0
317.815376925, 59923477.975, 0
317.815376925, 65984378.6982, 0
317.815376925, 72337205.7857, 0
317.815376925, 78981959.2373, 0
317.815376925, 85918639.0533, 0
317.815376925, 93147245.2334, 0
317.815376925, 100667777.778, 0
317.815376925, 108480236.686, 0
317.815376925, 116584621.959, 0
317.815376925, 124980933.596, 0
317.815376925, 133669171.598, 0
317.815376925, 142649335.963, 0
317.815376925, 151921426.693, 0
317.815376925, 161485443.787, 0
317.815376925, 171341387.245, 0
317.815376925, 181489257.068, 0
317.815376925, 191929053.254, 0
317.815376925, 202660775.805, 0
317.815376925, 213684424.721, 0
317.815376925, 225000000.0, 0
361.386660382, 10000.0, 94.4443
361.386660382, 232373.438527, 95.975
361.386660382, 746673.241289, 0
361.386660382, 1552899.40828, 0
361.386660382, 2651051.93951, 0
361.386660382, 4041130.83498, 0
361.386660382, 5723136.09467, 0
361.386660382, 7697067.71861, 0
361.386660382, 9962925.70677, 0
361.386660382, 12520710.0592, 0
361.386660382, 15370420.7758, 0
361.386660382, 18512057.8567, 0
361.386660382, 21945621.3018, 0
361.386660382, 25671111.1111, 0
361.386660382, 29688527.2847, 0
361.386660382, 33997869.8225, 0
361.386660382, 38599138.7245, 0
361.386660382, 43492333.9908, 0
361.386660382, 48677455.6213, 0
361.386660382, 54154503.616, 0
361.386660382, 59923477.975, 0
361.386660382, 65984378.6982, 0
361.386660382, 72337205.7857, 0
361.386660382, 78981959.2373, 0
361.386660382, 85918639.0533, 0
361.386660382, 93147245.2334, 0
361.386660382, 100667777.778, 0
361.386660382, 108480236.686, 0
361.386660382, 116584621.959, 0
361.386660382, 124980933.596, 0
361.386660382, 133669171.598, 0
361.386660382, 142649335.963, 0
361.386660382, 151921426.693, 0
361.386660382, 161485443.787, 0
361.386660382, 171341387.245, 0
361.386660382, 181489257.068, 0
361.386660382, 191929053.254, 0
361.386660382, 202660775.805, 0
361.386660382, 213684424.721, 0
361.386660382, 225000000.0, 0
410.93140164, 10000.0, 95.938
410.93140164, 232373.438527, 97.1788
410.93140164, 746673.241289, 0
410.93140164, 1552899.40828, 0
410.93140164, 2651051.93951, 0
410.93140164, 4041130.83498, 0
410.93140164, 5723136.09467, 0
410.93140164, 7697067.71861, 0
410.93140164, 9962925.70677, 0
410.93140164, 12520710.0592, 0
410.93140164, 15370420.7758, 0
410.93140164, 18512057.8567, 0
410.93140164, 21945621.3018, 0
410.93140164, 25671111.1111, 0
410.93140164, 29688527.2847, 0
410.93140164, 33997869.8225, 0
410.93140164, 38599138.7245, 0
410.93140164, 43492333.9908, 0
410.93140164, 48677455.6213, 0
410.93140164, 54154503.616, 0
410.93140164, 59923477.975, 0
410.93140164, 65984378.6982, 0
410.93140164, 72337205.7857, 0
410.93140164, 78981959.2373, 0
410.93140164, 85918639.0533, 0
410.93140164, 93147245.2334, 0
410.93140164, 100667777.778, 0
410.93140164, 108480236.686, 0
410.93140164, 116584621.959, 0
410.93140164, 124980933.596, 0
410.93140164, 133669171.598, 0
410.93140164, 142649335.963, 0
410.93140164, 151921426.693, 0
410.93140164, 161485443.787, 0
410.93140164, 171341387.245, 0
410.93140164, 181489257.068, 0
410.93140164, 191929053.254, 0
410.93140164, 202660775.805, 0
410.93140164, 213684424.721, 0
410.93140164, 225000000.0, 0
467.268539118, 10000.0, 97.3086
467.268539118, 232373.438527, 98.3255
467.268539118, 746673.241289, 0
467.268539118, 1552899.40828, 0
467.268539118, 2651051.93951, 0
467.268539118, 4041130.83498, 0
467.268539118, 5723136.09467, 0
467.268539118, 7697067.71861, 0
467.268539118, 9962925.70677, 0
467.268539118, 12520710.0592, 0
467.268539118, 15370420.7758, 0
467.268539118, 18512057.8567, 0
467.268539118, 21945621.3018, 0
467.268539118, 25671111.1111, 0
467.268539118, 29688527.2847, 0
467.268539118, 33997869.8225, 0
467.268539118, 38599138.7245, 0
467.268539118, 43492333.9908, 0
467.268539118, 48677455.6213, 0
467.268539118, 54154503.616, 0
467.268539118, 59923477.975, 0
467.268539118, 65984378.6982, 0
467.268539118, 72337205.7857, 0
467.268539118, 78981959.2373, 0
467.268539118, 85918639.0533, 0
467.268539118, 93147245.2334, 0
467.268539118, 100667777.778, 0
467.268539118, 108480236.686, 0
467.268539118, 116584621.959, 0
467.268539118, 124980933.596, 0
467.268539118, 133669171.598, 0
467.268539118, 142649335.963, 0
467.268539118, 151921426.693, 0
467.268539118, 161485443.787, 0
467.268539118, 171341387.245, 0
467.268539118, 181489257.068, 0
467.268539118, 191929053.254, 0
467.268539118, 202660775.805, 0
467.268539118, 213684424.721, 0
467.268539118, 225000000.0, 0
531.329284591, 10000.0, 98.6033
531.329284591, 232373.438527, 99.4669
531.329284591, 746673.241289, 0
531.329284591, 1552899.40828, 0
531.329284591, 2651051.93951, 0
531.329284591, 4041130.83498, 0
531.329284591, 5723136.09467, 0
531.329284591, 7697067.71861, 0
531.329284591, 9962925.70677, 0
531.329284591, 12520710.0592, 0
531.329284591, 15370420.7758, 0
531.329284591, 18512057.8567, 0
531.329284591, 21945621.3018, 0
531.329284591, 25671111.1111, 0
531.329284591, 29688527.2847, 0
531.329284591, 33997869.8225, 0
531.329284591, 38599138.7245, 0
531.329284591, 43492333.9908, 0
531.329284591, 48677455.6213, 0
531.329284591, 54154503.616, 0
531.329284591, 59923477.975, 0
531.329284591, 65984378.6982, 0
531.329284591, 72337205.7857, 0
531.329284591, 78981959.2373, 0
531.329284591, 85918639.0533, 0
531.329284591, 93147245.2334, 0
531.329284591, 100667777.778, 0
531.329284591, 108480236.686, 0
531.329284591, 116584621.959, 0
531.329284591, 124980933.596, 0
531.329284591, 133669171.598, 0
531.329284591, 142649335.963, 0
531.329284591, 151921426.693, 0
531.329284591, 161485443.787, 0
531.329284591, 171341387.245, 0
531.329284591, 181489257.068, 0
531.329284591, 191929053.254, 0
531.329284591, 202660775.805, 0
531.329284591, 213684424.721, 0
531.329284591, 225000000.0, 0
604.172515439, 10000.0, 99.846
604.172515439, 232373.438527, 100.62
604.172515439, 746673.241289, 0
604.172515439, 1552899.40828, 0
604.172515439, 2651051.93951, 0
604.172515439, 4041130.83498, 0
604.172515439, 5723136.09467, 0
604.172515439, 7697067.71861, 0
604.172515439, 9962925.70677, 0
604.172515439, 12520710.0592, 0
604.172515439, 15370420.7758, 0
604.172515439, 18512057.8567, 0
604.172515439, 21945621.3018, 0
604.172515439, 25671111.1111, 0
604.172515439, 29688527.2847, 0
604.172515439, 33997869.8225, 0
604.172515439, 38599138.7245, 0
604.172515439, 43492333.9908, 0
604.172515439, 48677455.6213, 0
604.172515439, 54154503.616, 0
604.172515439, 59923477.975, 0
604.172515439, 65984378.6982, 0
604.172515439, 72337205.7857, 0
604.172515439, 78981959.2373, 0
604.172515439, 85918639.0533, 0
604.172515439, 93147245.2334, 0
604.172515439, 100667777.778, 0
604.172515439, 108480236.686, 0
604.172515439, 116584621.959, 0
604.172515439, 124980933.596, 0
604.172515439, 133669171.598, 0
604.172515439, 142649335.963, 0
604.172515439, 151921426.693, 0
604.172515439, 161485443.787, 0
604.172515439, 171341387.245, 0
604.172515439, 181489257.068, 0
604.172515439, 191929053.254, 0
604.172515439, 202660775.805, 0
604.172515439, 213684424.721, 0
604.172515439, 225000000.0, 0
687.002277115, 10000.0, 101.048
687.002277115, 232373.438527, 101.78
687.002277115, 746673.241289, 107.585
687.002277115, 1552899.40828, 0
687.002277115, 2651051.93951, 0
687.002277115, 4041130.83498, 0
687.002277115, 5723136.09467, 0
687.002277115, 7697067.71861, 0
687.002277115, 9962925.70677, 0
687.002277115, 12520710.0592, 0
687.002277115, 15370420.7758, 0
687.002277115, 18512057.8567, 0
687.002277115, 21945621.3018, 0
687.002277115, 25671111.1111, 0
687.002277115, 29688527.2847, 0
687.002277115, 33997869.8225, 0
687.002277115, 38599138.7245, 0
687.002277115, 43492333.9908, 0
687.002277115, 48677455.6213, 0
687.002277115, 54154503.616, 0
687.002277115, 59923477.975, 0
687.002277115, 65984378.6982, 0
687.002277115, 72337205.7857, 0
687.002277115, 78981959.2373, 0
687.002277115, 85918639.0533, 0
687.002277115, 93147245.2334, 0
687.002277115, 100667777.778, 0
687.002277115, 108480236.686, 0
687.002277115, 116584621.959, 0
687.002277115, 124980933.596, 0
687.002277115, 133669171.598, 0
687.002277115, 142649335.963, 0
687.002277115, 151921426.693, 0
687.002277115, 161485443.787, 0
687.002277115, 171341387.245, 0
687.002277115, 181489257.068, 0
687.002277115, 191929053.254, 0
687.002277115, 202660775.805, 0
687.002277115, 213684424.721, 0
687.002277115, 225000000.0, 0
781.18768514, 10000.0, 102.213
781.18768514, 232373.438527, 102.938
781.18768514, 746673.241289, 107.057
781.18768514, 1552899.40828, 0
781.18768514, 2651051.93951, 0
