100.0, 0
119.377664171, 0
142.51026703, 0
170.125427985, 0
203.09176209, 0
242.446201708, 0
289.426612472, 0
345.510729459, 0
412.46263829, 0
492.388263171, 0
587.801607227, 116.209
701.70382867, 114.015
837.677640068, 111.608
1000.0, 109.724
1193.77664171, 108.838
1425.1026703, 109.085
1701.25427985, 110.462
2030.9176209, 114.191
2424.46201708, 123.258
2894.26612472, 117.046
3455.10729459, 114.047
4124.6263829, 114.828
4923.88263171, 117.808
5878.01607227, 122.496
7017.0382867, 128.603
8376.77640068, 135.9
10000.0, 144.185
11937.7664171, 0
14251.026703, 163.11
17012.5427985, 173.816
20309.176209, 185.687
24244.6201708, 200.575
28942.6612472, 128.66
34551.0729459, 0
41246.263829, 0
49238.8263171, 0
58780.1607227, 0
70170.382867, 0
83767.7640068, 0
100000.0, 0
