100.0, 5.0, 10000.0, 0
119.377664171, 5.0, 14251.026703, 0
142.51026703, 5.0, 20309.176209, 0
170.125427985, 5.0, 28942.6612472, 0
203.09176209, 5.0, 41246.263829, 0
242.446201708, 5.0, 58780.1607227, 88.3596
289.426612472, 5.0, 83767.7640068, 91.9839
345.510729459, 5.0, 119377.664171, 94.5908
412.46263829, 5.0, 170125.427985, 96.7302
492.388263171, 5.0, 242446.201708, 98.7057
587.801607227, 5.0, 345510.729459, 100.725
701.70382867, 5.0, 492388.263171, 103.005
837.677640068, 5.0, 701703.82867, 105.853
1000.0, 5.0, 1000000.0, 109.724
1193.77664171, 5.0, 1425102.6703, 115.152
1425.1026703, 5.0, 2030917.6209, 122.137
1701.25427985, 5.0, 2894266.12472, 0
2030.9176209, 5.0, 4124626.3829, 0
2424.46201708, 5.0, 5878016.07227, 0
2894.26612472, 5.0, 8376776.40068, 0
3455.10729459, 5.0, 11937766.4171, 0
4124.6263829, 5.0, 17012542.7985, 0
4923.88263171, 5.0, 24244620.1708, 0
5878.01607227, 5.0, 34551072.9459, 0
7017.0382867, 5.0, 49238826.3171, 0
8376.77640068, 5.0, 70170382.867, 0
10000.0, 5.0, 100000000.0, 0
11937.7664171, 5.0, 142510267.03, 0
14251.026703, 5.0, 203091762.09, 0
17012.5427985, 5.0, 289426612.472, 0
20309.176209, 5.0, 412462638.29, 0
24244.6201708, 5.0, 587801607.227, 0
28942.6612472, 5.0, 837677640.068, 0
34551.0729459, 5.0, 1193776641.71, 0
41246.263829, 5.0, 1701254279.85, 0
49238.8263171, 5.0, 2424462017.08, 0
58780.1607227, 5.0, 3455107294.59, 0
70170.382867, 5.0, 4923882631.71, 0
83767.7640068, 5.0, 7017038286.7, 0
100000.0, 5.0, 10000000000.0, 0
