100.0, 0
119.377664171, 0
142.51026703, 0
170.125427985, 0
203.09176209, 0
242.446201708, 90.7357
289.426612472, 93.9081
345.510729459, 95.826
412.46263829, 97.3233
492.388263171, 98.7507
587.801607227, 100.229
701.70382867, 101.76
837.677640068, 103.291
1000.0, 104.833
1193.77664171, 106.817
1425.1026703, 107.663
1701.25427985, 108.808
2030.9176209, 110.179
2424.46201708, 111.615
2894.26612472, 113.083
3455.10729459, 114.569
4124.6263829, 116.068
4923.88263171, 117.576
5878.01607227, 119.091
7017.0382867, 120.609
8376.77640068, 122.129
10000.0, 123.647
11937.7664171, 125.16
14251.026703, 126.665
17012.5427985, 128.158
20309.176209, 129.634
24244.6201708, 131.089
28942.6612472, 0
34551.0729459, 0
41246.263829, 0
49238.8263171, 0
58780.1607227, 0
70170.382867, 0
83767.7640068, 0
100000.0, 0
