0.1, 5.0, 0.1, 0
0.14251026703, 5.0, 0.14251026703, 0
0.20309176209, 5.0, 0.20309176209, 0
0.289426612472, 5.0, 0.289426612472, 0
0.41246263829, 5.0, 0.41246263829, 0
0.587801607227, 5.0, 0.587801607227, 0
0.837677640068, 5.0, 0.837677640068, 0
1.19377664171, 5.0, 1.19377664171, 0
1.70125427985, 5.0, 1.70125427985, 0
2.42446201708, 5.0, 2.42446201708, 0
3.45510729459, 5.0, 3.45510729459, 0
4.92388263171, 5.0, 4.92388263171, 0
7.0170382867, 5.0, 7.0170382867, 0
10.0, 5.0, 10.0, 0
14.251026703, 5.0, 14.251026703, 0
20.309176209, 5.0, 20.309176209, 0
28.9426612472, 5.0, 28.9426612472, 0
41.246263829, 5.0, 41.246263829, 0
58.7801607227, 5.0, 58.7801607227, 0
83.7677640068, 5.0, 83.7677640068, 0
119.377664171, 5.0, 119.377664171, -38.6409
170.125427985, 5.0, 170.125427985, 48.8463
242.446201708, 5.0, 242.446201708, 66.4685
345.510729459, 5.0, 345.510729459, 78.3014
492.388263171, 5.0, 492.388263171, 86.9281
701.70382867, 5.0, 701.70382867, 94.0004
1000.0, 5.0, 1000.0, 99.5245
1425.1026703, 5.0, 1425.1026703, 103.898
2030.9176209, 5.0, 2030.9176209, 107.462
2894.26612472, 5.0, 2894.26612472, 110.447
4124.6263829, 5.0, 4124.6263829, 113.002
5878.01607227, 5.0, 5878.01607227, 115.231
8376.77640068, 5.0, 8376.77640068, 117.211
11937.7664171, 5.0, 11937.7664171, 119.003
17012.5427985, 5.0, 17012.5427985, 120.66
24244.6201708, 5.0, 24244.6201708, 122.24
34551.0729459, 5.0, 34551.0729459, 0
49238.8263171, 5.0, 49238.8263171, 0
70170.382867, 5.0, 70170.382867, 0
100000.0, 5.0, 100000.0, 0
