100.0, 321111.488889, 6.92308, 0, 0
415.189873418, 321111.488889, 6.92308, 0, 0
730.379746835, 321111.488889, 6.92308, 0, 0
1045.56962025, 321111.488889, 6.92308, 0, 0
1360.75949367, 321111.488889, 6.92308, 0, 0
1675.94936709, 321111.488889, 6.92308, 0, 0
1991.13924051, 321111.488889, 6.92308, 0, 0
2306.32911392, 321111.488889, 6.92308, 0, 0
2621.51898734, 321111.488889, 6.92308, 0, 0
2936.70886076, 321111.488889, 6.92308, 0, 0
3251.89873418, 321111.488889, 6.92308, 0, 0
3567.08860759, 321111.488889, 6.92308, 0, 0
3882.27848101, 321111.488889, 6.92308, 0, 0
4197.46835443, 321111.488889, 6.92308, 0, 0
4512.65822785, 321111.488889, 6.92308, 0, 0
4827.84810127, 321111.488889, 6.92308, 0, 0
5143.03797468, 321111.488889, 6.92308, 0, 0
5458.2278481, 321111.488889, 6.92308, 0, 0
5773.41772152, 321111.488889, 6.92308, 0, 0
6088.60759494, 321111.488889, 6.92308, 0, 0
6403.79746835, 321111.488889, 6.92308, 0, 0
6718.98734177, 321111.488889, 6.92308, 0, 0
7034.17721519, 321111.488889, 6.92308, 0, 0
7349.36708861, 321111.488889, 6.92308, 0, 0
7664.55696203, 321111.488889, 6.92308, 0, 0
7979.74683544, 321111.488889, 6.92308, 0, 0
8294.93670886, 321111.488889, 6.92308, 0, 0
8610.12658228, 321111.488889, 6.92308, 0, 0
8925.3164557, 321111.488889, 6.92308, 0, 0
9240.50632911, 321111.488889, 6.92308, 0, 0
9555.69620253, 321111.488889, 6.92308, 0, 0
9870.88607595, 321111.488889, 6.92308, 0, 0
10186.0759494, 321111.488889, 6.92308, 0, 0
10501.2658228, 321111.488889, 6.92308, 0, 0
10816.4556962, 321111.488889, 6.92308, 0, 0
11131.6455696, 321111.488889, 6.92308, 0, 0
11446.835443, 321111.488889, 6.92308, 0, 0
11762.0253165, 321111.488889, 6.92308, 0, 0
12077.2151899, 321111.488889, 6.92308, 0, 0
12392.4050633, 321111.488889, 6.92308, 0, 0
12707.5949367, 321111.488889, 6.92308, 0, 0
13022.7848101, 321111.488889, 6.92308, 0, 0
13337.9746835, 321111.488889, 6.92308, 0, 0
13653.164557, 321111.488889, 6.92308, 0, 0
13968.3544304, 321111.488889, 6.92308, 0, 0
14283.5443038, 321111.488889, 6.92308, 0, 0
14598.7341772, 321111.488889, 6.92308, 0, 0
14913.9240506, 321111.488889, 6.92308, 0, 0
15229.1139241, 321111.488889, 6.92308, 0, 0
15544.3037975, 321111.488889, 6.92308, 0, 0
15859.4936709, 321111.488889, 6.92308, 0, 0
16174.6835443, 321111.488889, 6.92308, 0, 0
16489.8734177, 321111.488889, 6.92308, 0, 0
16805.0632911, 321111.488889, 6.92308, 0, 0
17120.2531646, 321111.488889, 6.92308, 0, 0
17435.443038, 321111.488889, 6.92308, 0, 0
17750.6329114, 321111.488889, 6.92308, 0, 0
18065.8227848, 321111.488889, 6.92308, 0, 0
18381.0126582, 321111.488889, 6.92308, 0, 0
18696.2025316, 321111.488889, 6.92308, 0, 0
19011.3924051, 321111.488889, 6.92308, 0, 0
19326.5822785, 321111.488889, 6.92308, 0, 0
19641.7721519, 321111.488889, 6.92308, 0, 0
19956.9620253, 321111.488889, 6.92308, 0, 0
20272.1518987, 321111.488889, 6.92308, 0, 0
20587.3417722, 321111.488889, 6.92308, 0, 0
20902.5316456, 321111.488889, 6.92308, 0, 0
21217.721519, 321111.488889, 6.92308, 0, 0
21532.9113924, 321111.488889, 6.92308, 0, 0
21848.1012658, 321111.488889, 6.92308, 0, 0
22163.2911392, 321111.488889, 6.92308, 0, 0
22478.4810127, 321111.488889, 6.92308, 0, 0
22793.6708861, 321111.488889, 6.92308, 0, 0
23108.8607595, 321111.488889, 6.92308, 0, 0
23424.0506329, 321111.488889, 6.92308, 0, 0
23739.2405063, 321111.488889, 6.92308, 0, 0
24054.4303797, 321111.488889, 6.92308, 0, 0
24369.6202532, 321111.488889, 6.92308, 0, 0
24684.8101266, 321111.488889, 6.92308, 0, 0
25000.0, 321111.488889, 6.92308, 0, 0
