5000.0, 90000.0, 10.0, -15000.0, 120.83, 1.21217656E+02
5000.0, 90000.0, 10.0, -14696.969697, 121.631, 1.21933378E+02
5000.0, 90000.0, 10.0, -14393.9393939, 0, 0
5000.0, 90000.0, 10.0, -14090.9090909, 0, 0
5000.0, 90000.0, 10.0, -13787.8787879, 0, 0
5000.0, 90000.0, 10.0, -13484.8484848, 0, 0
5000.0, 90000.0, 10.0, -13181.8181818, 124.544, 1.24221418E+02
5000.0, 90000.0, 10.0, -12878.7878788, 0, 0
5000.0, 90000.0, 10.0, -12575.7575758, 0, 0
5000.0, 90000.0, 10.0, -12272.7272727, 0, 0
5000.0, 90000.0, 10.0, -11969.6969697, 125.256, 1.24354901E+02
5000.0, 90000.0, 10.0, -11666.6666667, 125.533, 1.24451894E+02
5000.0, 90000.0, 10.0, -11363.6363636, 125.639, 1.24364976E+02
5000.0, 90000.0, 10.0, -11060.6060606, 125.579, 1.24133790E+02
5000.0, 90000.0, 10.0, -10757.5757576, 0, 0
5000.0, 90000.0, 10.0, -10454.5454545, 0, 0
5000.0, 90000.0, 10.0, -10151.5151515, 0, 0
5000.0, 90000.0, 10.0, -9848.48484848, 0, 0
5000.0, 90000.0, 10.0, -9545.45454545, 0, 0
5000.0, 90000.0, 10.0, -9242.42424242, 0, 0
5000.0, 90000.0, 10.0, -8939.39393939, 124.855, 1.22031431E+02
5000.0, 90000.0, 10.0, -8636.36363636, 0, 0
5000.0, 90000.0, 10.0, -8333.33333333, 0, 0
5000.0, 90000.0, 10.0, -8030.3030303, 124.214, 1.20799560E+02
5000.0, 90000.0, 10.0, -7727.27272727, 0, 0
5000.0, 90000.0, 10.0, -7424.24242424, 123.614, 1.19763610E+02
5000.0, 90000.0, 10.0, -7121.21212121, 123.393, 1.19383542E+02
5000.0, 90000.0, 10.0, -6818.18181818, 0, 0
5000.0, 90000.0, 10.0, -6515.15151515, 122.831, 1.18426768E+02
5000.0, 90000.0, 10.0, -6212.12121212, 0, 0
5000.0, 90000.0, 10.0, -5909.09090909, 0, 0
5000.0, 90000.0, 10.0, -5606.06060606, 0, 0
5000.0, 90000.0, 10.0, -5303.03030303, 121.771, 1.16688222E+02
5000.0, 90000.0, 10.0, -5000.0, 0, 0
5000.0, 90000.0, 10.0, -4696.96969697, 0, 0
5000.0, 90000.0, 10.0, -4393.93939394, 121.02, 1.15469844E+02
5000.0, 90000.0, 10.0, -4090.90909091, 120.783, 1.15083798E+02
5000.0, 90000.0, 10.0, -3787.87878788, 120.598, 1.14810475E+02
5000.0, 90000.0, 10.0, -3484.84848485, 0, 0
5000.0, 90000.0, 10.0, -3181.81818182, 120.178, 1.14114962E+02
5000.0, 90000.0, 10.0, -2878.78787879, 120.021, 1.13861821E+02
5000.0, 90000.0, 10.0, -2575.75757576, 119.841, 1.13550594E+02
5000.0, 90000.0, 10.0, -2272.72727273, 119.715, 1.13346144E+02
5000.0, 90000.0, 10.0, -1969.6969697, 119.575, 1.13094196E+02
5000.0, 90000.0, 10.0, -1666.66666667, 119.453, 1.12864940E+02
5000.0, 90000.0, 10.0, -1363.63636364, 119.368, 1.12706854E+02
5000.0, 90000.0, 10.0, -1060.60606061, 119.289, 1.12532127E+02
5000.0, 90000.0, 10.0, -757.575757576, 119.246, 1.12427878E+02
5000.0, 90000.0, 10.0, -454.545454545, 119.231, 1.12376679E+02
5000.0, 90000.0, 10.0, -151.515151515, 119.21, 1.12290356E+02
5000.0, 90000.0, 10.0, 151.515151515, 119.218, 1.12238028E+02
5000.0, 90000.0, 10.0, 454.545454545, 119.253, 1.12229398E+02
5000.0, 90000.0, 10.0, 757.575757576, 119.309, 1.12254181E+02
5000.0, 90000.0, 10.0, 1060.60606061, 119.384, 1.12303342E+02
5000.0, 90000.0, 10.0, 1363.63636364, 119.473, 1.12361654E+02
5000.0, 90000.0, 10.0, 1666.66666667, 119.581, 1.12431484E+02
5000.0, 90000.0, 10.0, 1969.6969697, 119.71, 1.12546060E+02
5000.0, 90000.0, 10.0, 2272.72727273, 119.863, 1.12686257E+02
5000.0, 90000.0, 10.0, 2575.75757576, 120.027, 1.12839158E+02
5000.0, 90000.0, 10.0, 2878.78787879, 120.21, 1.12995976E+02
5000.0, 90000.0, 10.0, 3181.81818182, 120.409, 1.13213813E+02
5000.0, 90000.0, 10.0, 3484.84848485, 120.624, 1.13431951E+02
5000.0, 90000.0, 10.0, 3787.87878788, 120.853, 1.13663622E+02
5000.0, 90000.0, 10.0, 4090.90909091, 121.095, 1.13912403E+02
5000.0, 90000.0, 10.0, 4393.93939394, 121.348, 1.14206748E+02
5000.0, 90000.0, 10.0, 4696.96969697, 121.612, 1.14456503E+02
5000.0, 90000.0, 10.0, 5000.0, 121.884, 1.14728179E+02
5000.0, 90000.0, 10.0, 5303.03030303, 0, 0
5000.0, 90000.0, 10.0, 5606.06060606, 0, 0
5000.0, 90000.0, 10.0, 5909.09090909, 122.742, 1.15556168E+02
5000.0, 90000.0, 10.0, 6212.12121212, 123.035, 1.15869964E+02
5000.0, 90000.0, 10.0, 6515.15151515, 123.33, 1.16147214E+02
5000.0, 90000.0, 10.0, 6818.18181818, 0, 0
5000.0, 90000.0, 10.0, 7121.21212121, 123.913, 1.16751268E+02
5000.0, 90000.0, 10.0, 7424.24242424, 124.198, 1.17030394E+02
5000.0, 90000.0, 10.0, 7727.27272727, 124.476, 1.17299686E+02
5000.0, 90000.0, 10.0, 8030.3030303, 0, 0
5000.0, 90000.0, 10.0, 8333.33333333, 0, 0
5000.0, 90000.0, 10.0, 8636.36363636, 0, 0
5000.0, 90000.0, 10.0, 8939.39393939, 125.482, 1.18264069E+02
5000.0, 90000.0, 10.0, 9242.42424242, 125.703, 1.18395463E+02
5000.0, 90000.0, 10.0, 9545.45454545, 125.896, 1.18559651E+02
5000.0, 90000.0, 10.0, 9848.48484848, 0, 0
5000.0, 90000.0, 10.0, 10151.5151515, 126.212, 1.18813377E+02
5000.0, 90000.0, 10.0, 10454.5454545, 0, 0
5000.0, 90000.0, 10.0, 10757.5757576, 0, 0
5000.0, 90000.0, 10.0, 11060.6060606, 0, 0
5000.0, 90000.0, 10.0, 11363.6363636, 126.489, 1.18875975E+02
5000.0, 90000.0, 10.0, 11666.6666667, 126.474, 1.18746121E+02
5000.0, 90000.0, 10.0, 11969.6969697, 126.407, 1.18610146E+02
5000.0, 90000.0, 10.0, 12272.7272727, 0, 0
5000.0, 90000.0, 10.0, 12575.7575758, 126.146, 1.18083641E+02
5000.0, 90000.0, 10.0, 12878.7878788, 125.938, 1.17736294E+02
5000.0, 90000.0, 10.0, 13181.8181818, 0, 0
5000.0, 90000.0, 10.0, 13484.8484848, 125.343, 1.16920346E+02
5000.0, 90000.0, 10.0, 13787.8787879, 0, 0
