5000.0, 810000.0, 10.0, -5000.0, 147.787, 1.24379791E+02
5000.0, 810000.0, 10.0, -4898.98989899, 144.674, 1.24277902E+02
5000.0, 810000.0, 10.0, -4797.97979798, 141.66, 1.24176217E+02
5000.0, 810000.0, 10.0, -4696.96969697, 138.669, 1.24074953E+02
5000.0, 810000.0, 10.0, -4595.95959596, 135.801, 1.23974714E+02
5000.0, 810000.0, 10.0, -4494.94949495, 0, 0
5000.0, 810000.0, 10.0, -4393.93939394, 131.254, 1.23775358E+02
5000.0, 810000.0, 10.0, -4292.92929293, 129.581, 1.23678180E+02
5000.0, 810000.0, 10.0, -4191.91919192, 0, 0
5000.0, 810000.0, 10.0, -4090.90909091, 126.762, 1.23486139E+02
5000.0, 810000.0, 10.0, -3989.8989899, 125.662, 1.23390015E+02
5000.0, 810000.0, 10.0, -3888.88888889, 124.474, 1.23297749E+02
5000.0, 810000.0, 10.0, -3787.87878788, 123.8, 1.23205271E+02
5000.0, 810000.0, 10.0, -3686.86868687, 123.045, 1.23115129E+02
5000.0, 810000.0, 10.0, -3585.85858586, 122.435, 1.23026322E+02
5000.0, 810000.0, 10.0, -3484.84848485, 121.941, 1.22938346E+02
5000.0, 810000.0, 10.0, -3383.83838384, 121.599, 1.22851396E+02
5000.0, 810000.0, 10.0, -3282.82828283, 121.24, 1.22766929E+02
5000.0, 810000.0, 10.0, -3181.81818182, 0, 0
5000.0, 810000.0, 10.0, -3080.80808081, 120.845, 1.22613247E+02
5000.0, 810000.0, 10.0, -2979.7979798, 0, 0
5000.0, 810000.0, 10.0, -2878.78787879, 120.653, 1.22456734E+02
5000.0, 810000.0, 10.0, -2777.77777778, 120.628, 1.22380916E+02
5000.0, 810000.0, 10.0, -2676.76767677, 120.656, 1.22309244E+02
5000.0, 810000.0, 10.0, -2575.75757576, 120.709, 1.22239529E+02
5000.0, 810000.0, 10.0, -2474.74747475, 120.767, 1.22168982E+02
5000.0, 810000.0, 10.0, -2373.73737374, 120.859, 1.22104254E+02
5000.0, 810000.0, 10.0, -2272.72727273, 121.022, 1.22046032E+02
5000.0, 810000.0, 10.0, -2171.71717172, 121.102, 1.21989094E+02
5000.0, 810000.0, 10.0, -2070.70707071, 121.274, 1.21920368E+02
5000.0, 810000.0, 10.0, -1969.6969697, 121.434, 1.21884198E+02
5000.0, 810000.0, 10.0, -1868.68686869, 121.6, 1.21790350E+02
5000.0, 810000.0, 10.0, -1767.67676768, 121.786, 1.21722232E+02
5000.0, 810000.0, 10.0, -1666.66666667, 121.961, 1.21656874E+02
5000.0, 810000.0, 10.0, -1565.65656566, 122.127, 1.21597438E+02
5000.0, 810000.0, 10.0, -1464.64646465, 122.339, 1.21544935E+02
5000.0, 810000.0, 10.0, -1363.63636364, 122.507, 1.21491372E+02
5000.0, 810000.0, 10.0, -1262.62626263, 122.685, 1.21441290E+02
5000.0, 810000.0, 10.0, -1161.61616162, 122.866, 1.21394226E+02
5000.0, 810000.0, 10.0, -1060.60606061, 123.058, 1.21351234E+02
5000.0, 810000.0, 10.0, -959.595959596, 123.232, 1.21311664E+02
5000.0, 810000.0, 10.0, -858.585858586, 123.39, 1.21271895E+02
5000.0, 810000.0, 10.0, -757.575757576, 123.54, 1.21234697E+02
5000.0, 810000.0, 10.0, -656.565656566, 123.676, 1.21200502E+02
5000.0, 810000.0, 10.0, -555.555555556, 123.796, 1.21165998E+02
5000.0, 810000.0, 10.0, -454.545454545, 123.935, 1.21139519E+02
5000.0, 810000.0, 10.0, -353.535353535, 124.045, 1.21115068E+02
5000.0, 810000.0, 10.0, -252.525252525, 124.193, 1.21095340E+02
5000.0, 810000.0, 10.0, -151.515151515, 124.312, 1.21071825E+02
5000.0, 810000.0, 10.0, -50.5050505051, 124.428, 1.21057331E+02
5000.0, 810000.0, 10.0, 50.5050505051, 124.675, 1.21037736E+02
5000.0, 810000.0, 10.0, 151.515151515, 0, 1.21025292E+02
5000.0, 810000.0, 10.0, 252.525252525, 0, 0
5000.0, 810000.0, 10.0, 353.535353535, 0, 1.21010792E+02
5000.0, 810000.0, 10.0, 454.545454545, 0, 0
5000.0, 810000.0, 10.0, 555.555555556, 0, 1.21004188E+02
5000.0, 810000.0, 10.0, 656.565656566, 0, 1.21006510E+02
5000.0, 810000.0, 10.0, 757.575757576, 0, 1.21007570E+02
5000.0, 810000.0, 10.0, 858.585858586, 0, 1.21015416E+02
5000.0, 810000.0, 10.0, 959.595959596, 0, 1.21023997E+02
5000.0, 810000.0, 10.0, 1060.60606061, 0, 1.21034546E+02
5000.0, 810000.0, 10.0, 1161.61616162, 0, 1.21054236E+02
5000.0, 810000.0, 10.0, 1262.62626263, 0, 1.21066695E+02
5000.0, 810000.0, 10.0, 1363.63636364, 0, 0
5000.0, 810000.0, 10.0, 1464.64646465, 0, 1.21106767E+02
5000.0, 810000.0, 10.0, 1565.65656566, 0, 0
5000.0, 810000.0, 10.0, 1666.66666667, 0, 1.21166362E+02
5000.0, 810000.0, 10.0, 1767.67676768, 0, 1.21192013E+02
5000.0, 810000.0, 10.0, 1868.68686869, 0, 0
5000.0, 810000.0, 10.0, 1969.6969697, 0, 1.21261698E+02
5000.0, 810000.0, 10.0, 2070.70707071, 0, 1.21302277E+02
5000.0, 810000.0, 10.0, 2171.71717172, 0, 0
5000.0, 810000.0, 10.0, 2272.72727273, 0, 1.21386172E+02
5000.0, 810000.0, 10.0, 2373.73737374, 0, 0
5000.0, 810000.0, 10.0, 2474.74747475, 0, 1.21481975E+02
5000.0, 810000.0, 10.0, 2575.75757576, 0, 1.21533645E+02
5000.0, 810000.0, 10.0, 2676.76767677, 0, 1.21587771E+02
5000.0, 810000.0, 10.0, 2777.77777778, 0, 1.21646155E+02
5000.0, 810000.0, 10.0, 2878.78787879, 0, 1.21707268E+02
5000.0, 810000.0, 10.0, 2979.7979798, 0, 1.21766933E+02
5000.0, 810000.0, 10.0, 3080.80808081, 0, 1.21834677E+02
5000.0, 810000.0, 10.0, 3181.81818182, 0, 1.21899290E+02
5000.0, 810000.0, 10.0, 3282.82828283, 0, 0
5000.0, 810000.0, 10.0, 3383.83838384, 0, 1.22042167E+02
5000.0, 810000.0, 10.0, 3484.84848485, 0, 1.22113483E+02
5000.0, 810000.0, 10.0, 3585.85858586, 0, 1.22191469E+02
5000.0, 810000.0, 10.0, 3686.86868687, 0, 1.22269732E+02
5000.0, 810000.0, 10.0, 3787.87878788, 0, 1.22351293E+02
5000.0, 810000.0, 10.0, 3888.88888889, 0, 0
5000.0, 810000.0, 10.0, 3989.8989899, 0, 1.22518116E+02
5000.0, 810000.0, 10.0, 4090.90909091, 0, 0
5000.0, 810000.0, 10.0, 4191.91919192, 0, 1.22698645E+02
5000.0, 810000.0, 10.0, 4292.92929293, 0, 1.22791175E+02
5000.0, 810000.0, 10.0, 4393.93939394, 0, 1.22883762E+02
5000.0, 810000.0, 10.0, 4494.94949495, 0, 1.22980526E+02
5000.0, 810000.0, 10.0, 4595.95959596, 0, 1.23077820E+02
