100.0, 321111.488889, 6.92308, 0, 0, 0, 0, 0, 0, 0, 0
112.943674953, 321111.488889, 6.92308, 0, 0, 0, 0, 0, 0, 0, 0
127.562737118, 321111.488889, 6.92308, 0, 0, 0, 0, 0, 0, 0, 0
144.074043172, 321111.488889, 6.92308, 0, 0, 0, 0, 0, 0, 0, 0
162.722519011, 321111.488889, 6.92308, 0, 0, 0, 0, 0, 0, 0, 0
183.784792947, 321111.488889, 6.92308, 0, 0, 0, 0, 0, 0, 0, 0
207.573299158, 321111.488889, 6.92308, 0, 0, 0, 0, 0, 0, 0, 0
234.44091229, 321111.488889, 6.92308, 0, 0, 0, 0, 0, 0, 0, 0
264.786181933, 321111.488889, 6.92308, 0, 0, 0, 0, 0, 0, 0, 0
299.059244642, 321111.488889, 6.92308, 0, 0, 0, 0, 0, 0, 0, 0
337.768501184, 321111.488889, 6.92308, 0, 0, 0, 0, 0, 0, 0, 0
381.48815807, 321111.488889, 6.92308, 0.00764399, 0.0007316, 0.227832, -0.234553, -0.240795, 0.00629082, 0.00334009, 101.401
430.866745234, 321111.488889, 6.92308, 0.00760578, 0.00210307, 0.204536, -0.211279, -0.218244, 0.00625158, 0.00312433, 101.932
486.636736216, 321111.488889, 6.92308, 0.00759053, 0.00315284, 0.181265, -0.188032, -0.195239, 0.00623318, 0.00304224, 102.376
549.625413552, 321111.488889, 6.92308, 0.00757836, 0.00396456, 0.157997, -0.164766, -0.172031, 0.00622362, 0.00300086, 102.857
620.76714054, 321111.488889, 6.92308, 0.00756302, 0.00459281, 0.135119, -0.141861, -0.149092, 0.00621984, 0.00297197, 103.436
701.117221425, 321111.488889, 6.92308, 0.00754258, 0.00507826, 0.113353, -0.120042, -0.12718, 0.00622046, 0.00294511, 104.129
791.867555603, 321111.488889, 6.92308, 0.00751654, 0.00545264, 0.0938477, -0.100457, -0.107454, 0.00622465, 0.00291592, 104.928
894.364318057, 321111.488889, 6.92308, 0.00748472, 0.00574103, 0.0783422, -0.0848448, -0.0916619, 0.00623185, 0.00288213, 105.804
1010.12792828, 321111.488889, 6.92308, 0.00744671, 0.00596335, 0.0694365, -0.0758026, -0.0824, 0.00624176, 0.00284203, 106.712
1140.87560392, 321111.488889, 6.92308, 0.00740166, 0.0061354, 0.0709796, -0.0771727, -0.0835119, 0.0062543, 0.00279371, 107.603
1288.54683371, 321111.488889, 6.92308, 0.00734818, 0.0062696, 0.0886337, -0.0946067, -0.100651, 0.0062696, 0.00273508, 108.457
1455.33214748, 321111.488889, 6.92308, 0.0072846, 0.00637522, 0.130689, -0.136382, -0.142097, 0.00628799, 0.00266497, 109.357
1643.70561013, 321111.488889, 6.92308, 0.00720983, 0.00645747, 0.209281, -0.214623, -0.219988, 0.00630985, 0.0025874, 110.656
1856.46152148, 321111.488889, 6.92308, 0.00712519, 0.00651195, 0.342421, -0.347342, -0.352361, 0.00633593, 0.00252908, 113.206
2096.75586645, 321111.488889, 6.92308, 0.00709805, 0.0065487, 0.305667, -0.310542, -0.279402, 0.00634562, 0.00247289, 112.848
2368.15313035, 321111.488889, 6.92308, 0.00707682, 0.00657023, 0.184194, -0.189059, -0.196351, 0.00635474, 0.00243755, 112.695
2674.67917393, 321111.488889, 6.92308, 0.00704802, 0.00658379, 0.130492, -0.135296, -0.144491, 0.00636631, 0.00240533, 113.209
3020.88095223, 321111.488889, 6.92308, 0.00701617, 0.00659193, 0.0909734, -0.0956968, -0.105299, 0.00637888, 0.00237293, 113.929
3411.89396339, 321111.488889, 6.92308, 0.00698317, 0.00659574, 0.0577743, -0.0624091, -0.0721219, 0.00639191, 0.0023408, 114.747
3853.51842774, 321111.488889, 6.92308, 0.00694984, 0.00659612, 0.0280396, -0.032583, -0.0423195, 0.00640515, 0.00230932, 115.623
4352.30532727, 321111.488889, 6.92308, 0.0069166, 0.00659376, 0.000416081, -0.00486768, -0.0145976, 0.00641848, 0.00227874, 116.54
4915.65358178, 321111.488889, 6.92308, 0.00688368, 0.00658922, -0.0258385, 0.0214774, 0.0117651, 0.00643182, 0.00224921, 117.486
5551.91980321, 321111.488889, 6.92308, 0.00685123, 0.00658294, -0.0511713, 0.0468986, 0.0372076, 0.00644512, 0.00222084, 118.458
6270.54225617, 321111.488889, 6.92308, 0.00681933, 0.00657526, -0.0758704, 0.0716834, 0.0620141, 0.00645836, 0.00219368, 119.449
7082.18086359, 321111.488889, 6.92308, 0.00678802, 0.00656644, -0.10013, 0.0960263, 0.0863778, 0.00647151, 0.00216775, 120.459
7998.87533413, 321111.488889, 6.92308, 0.00675735, 0.00655668, -0.124089, 0.120064, 0.110435, 0.00648455, 0.00214307, 121.483
9034.22375725, 321111.488889, 6.92308, 0.00672733, 0.00654614, -0.147844, 0.143896, 0.134284, 0.00649748, 0.00211965, 122.521
10203.5843149, 321111.488889, 6.92308, 0.00669796, 0.00653496, -0.171471, 0.167595, 0.157999, 0.00651029, 0.00209747, 123.569
11524.3031021, 321111.488889, 6.92308, 0.00666924, 0.00652321, -0.195025, 0.191219, 0.181636, 0.00652298, 0.00207652, 124.627
13015.9714362, 321111.488889, 6.92308, 0.00664118, 0.00651099, -0.218551, 0.21481, 0.205239, 0.00653554, 0.00205679, 125.691
14700.7164709, 321111.488889, 6.92308, 0.00661375, 0.00649834, -0.242082, 0.238403, 0.228842, 0.00654798, 0.00203826, 126.761
16603.5294266, 321111.488889, 6.92308, 0.00658696, 0.00648531, -0.265647, 0.262026, 0.252473, 0.00656028, 0.0020209, 127.834
18752.6363063, 321111.488889, 6.92308, 0.00656079, 0.00647195, -0.289268, 0.285702, 0.276155, 0.00657246, 0.00200471, 128.908
21179.9165948, 321111.488889, 6.92308, 0.00653524, 0.00645827, -0.312964, 0.309451, 0.299907, 0.00658451, 0.00198965, 129.981
23921.3761541, 321111.488889, 6.92308, 0.00651028, 0.00644431, -0.336753, 0.333288, 0.323746, 0.00659643, 0.00197572, 131.051
27017.6813277, 321111.488889, 6.92308, 0.00648592, 0.00643007, -0.360648, 0.357228, 0.347686, 0.00660823, 0.0019629, 132.115
30514.7621785, 321111.488889, 6.92308, 0.00646213, 0.00641558, -0.384663, 0.381284, 0.371741, 0.0066199, 0.00195117, 133.171
34464.4938075, 321111.488889, 6.92308, 0, 0, 0, 0, 0, 0, 0, 0
38925.46586, 321111.488889, 6.92308, 0, 0, 0, 0, 0, 0, 0, 0
43963.8516348, 321111.488889, 6.92308, 0, 0, 0, 0, 0, 0, 0, 0
49654.389687, 321111.488889, 6.92308, 0, 0, 0, 0, 0, 0, 0, 0
56081.4924879, 321111.488889, 6.92308, 0, 0, 0, 0, 0, 0, 0, 0
63340.4985841, 321111.488889, 6.92308, 0, 0, 0, 0, 0, 0, 0, 0
71539.0868343, 321111.488889, 6.92308, 0, 0, 0, 0, 0, 0, 0, 0
80798.8736983, 321111.488889, 6.92308, 0, 0, 0, 0, 0, 0, 0, 0
91257.2172752, 321111.488889, 6.92308, 0, 0, 0, 0, 0, 0, 0, 0
103069.25485, 321111.488889, 6.92308, 0, 0, 0, 0, 0, 0, 0, 0
116410.204174, 321111.488889, 6.92308, 0, 0, 0, 0, 0, 0, 0, 0
131477.962614, 321111.488889, 6.92308, 0, 0, 0, 0, 0, 0, 0, 0
148496.04273, 321111.488889, 6.92308, 0, 0, 0, 0, 0, 0, 0, 0
167716.887818, 321111.488889, 6.92308, 0, 0, 0, 0, 0, 0, 0, 0
189425.616618, 321111.488889, 6.92308, 0, 0, 0, 0, 0, 0, 0, 0
213944.25271, 321111.488889, 6.92308, 0, 0, 0, 0, 0, 0, 0, 0
241636.501361, 321111.488889, 6.92308, 0, 0, 0, 0, 0, 0, 0, 0
272913.144664, 321111.488889, 6.92308, 0, 0, 0, 0, 0, 0, 0, 0
308238.135013, 321111.488889, 6.92308, 0, 0, 0, 0, 0, 0, 0, 0
348135.477289, 321111.488889, 6.92308, 0, 0, 0, 0, 0, 0, 0, 0
393197.001865, 321111.488889, 6.92308, 0, 0, 0, 0, 0, 0, 0, 0
444091.14371, 321111.488889, 6.92308, 0, 0, 0, 0, 0, 0, 0, 0
501572.857845, 321111.488889, 6.92308, 0, 0, 0, 0, 0, 0, 0, 0
566494.818216, 321111.488889, 6.92308, 0, 0, 0, 0, 0, 0, 0, 0
639820.06611, 321111.488889, 6.92308, 0, 0, 0, 0, 0, 0, 0, 0
722636.295749, 321111.488889, 6.92308, 0, 0, 0, 0, 0, 0, 0, 0
816171.988961, 321111.488889, 6.92308, 0, 0, 0, 0, 0, 0, 0, 0
921814.638267, 321111.488889, 6.92308, 0, 0, 0, 0, 0, 0, 0, 0
1041131.32871, 321111.488889, 6.92308, 0, 0, 0, 0, 0, 0, 0, 0
1175891.98373, 321111.488889, 6.92308, 0, 0, 0, 0, 0, 0, 0, 0
1328095.6199, 321111.488889, 6.92308, 0, 0, 0, 0, 0, 0, 0, 0
1500000.0, 321111.488889, 6.92308, 0, 0, 0, 0, 0, 0, 0, 0
