5000.0, 40000.0, 10.0, -15000.0, 0, 0
5000.0, 40000.0, 10.0, -14696.969697, 122.957, 1.21910607E+02
5000.0, 40000.0, 10.0, -14393.9393939, 123.477, 1.22211914E+02
5000.0, 40000.0, 10.0, -14090.9090909, 124.122, 1.22947952E+02
5000.0, 40000.0, 10.0, -13787.8787879, 124.595, 1.23321696E+02
5000.0, 40000.0, 10.0, -13484.8484848, 125.011, 1.23647221E+02
5000.0, 40000.0, 10.0, -13181.8181818, 0, 0
5000.0, 40000.0, 10.0, -12878.7878788, 125.624, 1.23985377E+02
5000.0, 40000.0, 10.0, -12575.7575758, 125.917, 1.24317156E+02
5000.0, 40000.0, 10.0, -12272.7272727, 125.971, 1.23626573E+02
5000.0, 40000.0, 10.0, -11969.6969697, 0, 0
5000.0, 40000.0, 10.0, -11666.6666667, 0, 0
5000.0, 40000.0, 10.0, -11363.6363636, 0, 0
5000.0, 40000.0, 10.0, -11060.6060606, 0, 0
5000.0, 40000.0, 10.0, -10757.5757576, 126.16, 1.23267568E+02
5000.0, 40000.0, 10.0, -10454.5454545, 0, 0
5000.0, 40000.0, 10.0, -10151.5151515, 0, 0
5000.0, 40000.0, 10.0, -9848.48484848, 125.808, 1.22108059E+02
5000.0, 40000.0, 10.0, -9545.45454545, 125.657, 1.22014876E+02
5000.0, 40000.0, 10.0, -9242.42424242, 125.465, 1.21603029E+02
5000.0, 40000.0, 10.0, -8939.39393939, 0, 0
5000.0, 40000.0, 10.0, -8636.36363636, 0, 0
5000.0, 40000.0, 10.0, -8333.33333333, 124.787, 1.20402265E+02
5000.0, 40000.0, 10.0, -8030.3030303, 0, 0
5000.0, 40000.0, 10.0, -7727.27272727, 124.263, 1.19476633E+02
5000.0, 40000.0, 10.0, -7424.24242424, 0, 0
5000.0, 40000.0, 10.0, -7121.21212121, 123.738, 1.18990493E+02
5000.0, 40000.0, 10.0, -6818.18181818, 123.429, 1.18267673E+02
5000.0, 40000.0, 10.0, -6515.15151515, 0, 0
5000.0, 40000.0, 10.0, -6212.12121212, 0, 0
5000.0, 40000.0, 10.0, -5909.09090909, 122.564, 1.17001184E+02
5000.0, 40000.0, 10.0, -5606.06060606, 122.263, 1.16272883E+02
5000.0, 40000.0, 10.0, -5303.03030303, 122.004, 1.16211243E+02
5000.0, 40000.0, 10.0, -5000.0, 121.713, 1.15532090E+02
5000.0, 40000.0, 10.0, -4696.96969697, 121.447, 1.15148009E+02
5000.0, 40000.0, 10.0, -4393.93939394, 121.183, 1.14585550E+02
5000.0, 40000.0, 10.0, -4090.90909091, 120.945, 1.14443269E+02
5000.0, 40000.0, 10.0, -3787.87878788, 120.695, 1.13604232E+02
5000.0, 40000.0, 10.0, -3484.84848485, 0, 0
5000.0, 40000.0, 10.0, -3181.81818182, 120.289, 1.13504040E+02
5000.0, 40000.0, 10.0, -2878.78787879, 0, 0
5000.0, 40000.0, 10.0, -2575.75757576, 0, 0
5000.0, 40000.0, 10.0, -2272.72727273, 0, 0
5000.0, 40000.0, 10.0, -1969.6969697, 119.635, 1.12608083E+02
5000.0, 40000.0, 10.0, -1666.66666667, 119.515, 1.12435965E+02
5000.0, 40000.0, 10.0, -1363.63636364, 0, 0
5000.0, 40000.0, 10.0, -1060.60606061, 119.339, 1.12198743E+02
5000.0, 40000.0, 10.0, -757.575757576, 0, 0
5000.0, 40000.0, 10.0, -454.545454545, 119.24, 1.11959133E+02
5000.0, 40000.0, 10.0, -151.515151515, 119.223, 1.11849981E+02
5000.0, 40000.0, 10.0, 151.515151515, 119.232, 1.11824773E+02
5000.0, 40000.0, 10.0, 454.545454545, 119.251, 1.11640913E+02
5000.0, 40000.0, 10.0, 757.575757576, 119.299, 1.11801805E+02
5000.0, 40000.0, 10.0, 1060.60606061, 119.367, 1.11853414E+02
5000.0, 40000.0, 10.0, 1363.63636364, 119.452, 1.11957954E+02
5000.0, 40000.0, 10.0, 1666.66666667, 119.559, 1.11944671E+02
5000.0, 40000.0, 10.0, 1969.6969697, 119.687, 1.12055767E+02
5000.0, 40000.0, 10.0, 2272.72727273, 119.837, 1.12241722E+02
5000.0, 40000.0, 10.0, 2575.75757576, 119.999, 1.12417482E+02
5000.0, 40000.0, 10.0, 2878.78787879, 120.178, 1.12558070E+02
5000.0, 40000.0, 10.0, 3181.81818182, 120.38, 1.12816735E+02
5000.0, 40000.0, 10.0, 3484.84848485, 120.591, 1.13037332E+02
5000.0, 40000.0, 10.0, 3787.87878788, 0, 0
5000.0, 40000.0, 10.0, 4090.90909091, 121.062, 1.13515450E+02
5000.0, 40000.0, 10.0, 4393.93939394, 0, 0
5000.0, 40000.0, 10.0, 4696.96969697, 121.58, 1.14115453E+02
5000.0, 40000.0, 10.0, 5000.0, 121.851, 1.14328652E+02
5000.0, 40000.0, 10.0, 5303.03030303, 122.132, 1.14597429E+02
5000.0, 40000.0, 10.0, 5606.06060606, 122.415, 1.14975173E+02
5000.0, 40000.0, 10.0, 5909.09090909, 122.711, 1.15048793E+02
5000.0, 40000.0, 10.0, 6212.12121212, 123.002, 1.15508649E+02
5000.0, 40000.0, 10.0, 6515.15151515, 123.296, 1.15779693E+02
5000.0, 40000.0, 10.0, 6818.18181818, 123.593, 1.15930934E+02
5000.0, 40000.0, 10.0, 7121.21212121, 123.884, 1.16234563E+02
5000.0, 40000.0, 10.0, 7424.24242424, 124.165, 1.16715821E+02
5000.0, 40000.0, 10.0, 7727.27272727, 124.449, 1.16846126E+02
5000.0, 40000.0, 10.0, 8030.3030303, 124.717, 1.17154359E+02
5000.0, 40000.0, 10.0, 8333.33333333, 124.975, 1.17457306E+02
5000.0, 40000.0, 10.0, 8636.36363636, 0, 0
5000.0, 40000.0, 10.0, 8939.39393939, 125.454, 1.17762456E+02
5000.0, 40000.0, 10.0, 9242.42424242, 0, 0
5000.0, 40000.0, 10.0, 9545.45454545, 125.861, 1.17974290E+02
5000.0, 40000.0, 10.0, 9848.48484848, 126.021, 1.18338660E+02
5000.0, 40000.0, 10.0, 10151.5151515, 126.169, 1.18320607E+02
5000.0, 40000.0, 10.0, 10454.5454545, 126.279, 1.18439744E+02
5000.0, 40000.0, 10.0, 10757.5757576, 126.364, 1.18430558E+02
5000.0, 40000.0, 10.0, 11060.6060606, 126.4, 1.18576641E+02
5000.0, 40000.0, 10.0, 11363.6363636, 126.423, 1.18408666E+02
5000.0, 40000.0, 10.0, 11666.6666667, 126.417, 1.17802407E+02
5000.0, 40000.0, 10.0, 11969.6969697, 0, 0
5000.0, 40000.0, 10.0, 12272.7272727, 126.205, 1.17891489E+02
5000.0, 40000.0, 10.0, 12575.7575758, 126.048, 1.17404952E+02
5000.0, 40000.0, 10.0, 12878.7878788, 0, 0
5000.0, 40000.0, 10.0, 13181.8181818, 0, 0
5000.0, 40000.0, 10.0, 13484.8484848, 0, 0
5000.0, 40000.0, 10.0, 13787.8787879, 0, 0
